subjID	type	choice	reward
1	56	0	1
1	34	0	0
1	34	0	0
1	12	1	1
1	12	0	1
1	12	0	0
1	34	0	0
1	34	1	1
1	12	1	0
1	56	0	1
1	34	0	0
1	12	1	0
1	34	1	1
1	34	1	1
1	12	1	0
1	34	0	0
1	12	1	1
1	12	0	0
1	56	1	1
1	12	1	1
1	12	0	1
1	34	1	1
1	12	1	1
1	56	0	1
1	34	0	1
1	12	1	1
1	12	0	0
1	34	1	1
1	56	1	0
1	34	1	1
1	12	1	1
1	12	0	0
1	34	0	0
1	56	0	0
1	12	0	1
1	12	1	1
1	12	1	1
1	56	0	0
1	34	0	0
1	34	1	1
1	56	1	0
1	34	1	1
1	56	1	1
1	56	1	1
1	34	1	0
1	34	0	0
1	34	0	1
1	12	1	1
1	12	0	0
1	56	1	0
1	34	0	1
1	12	0	0
1	12	0	1
1	34	0	0
1	56	0	1
1	12	0	0
1	56	0	1
1	12	1	0
1	12	0	0
1	56	0	0
1	34	0	0
1	34	1	1
1	34	0	0
1	56	1	0
1	12	0	0
1	56	1	1
1	12	0	0
1	34	1	0
1	56	0	0
1	12	1	1
1	34	1	1
1	12	0	1
1	12	0	0
1	12	1	1
1	34	1	0
1	12	1	1
1	56	1	0
1	56	0	1
1	56	0	0
1	12	1	1
1	34	1	1
1	12	0	0
1	12	0	0
1	56	1	1
1	56	0	1
1	56	1	0
1	12	1	1
1	34	1	1
1	12	0	0
1	34	1	1
1	12	0	1
1	34	0	1
1	12	0	0
1	34	0	0
1	12	1	1
1	12	1	1
2	56	1	1
2	12	0	0
2	56	1	1
2	56	1	1
2	56	1	1
2	34	1	0
2	12	1	1
2	56	0	1
2	12	0	0
2	34	0	0
2	56	1	1
2	56	0	1
2	12	0	1
2	34	0	0
2	34	1	0
2	34	1	1
2	56	0	1
2	56	0	0
2	12	1	1
2	12	0	0
2	34	0	1
2	34	1	0
2	56	1	1
2	56	1	0
2	12	1	1
2	56	1	1
2	34	1	1
2	56	1	0
2	34	1	0
2	56	0	0
2	56	1	1
2	12	0	1
2	34	1	1
2	56	1	1
2	56	0	0
2	56	0	0
2	34	1	1
2	56	0	1
2	34	0	0
2	34	1	1
2	56	1	0
2	34	1	1
2	12	1	1
2	12	1	1
2	12	1	1
2	12	0	1
2	56	1	1
2	56	0	0
2	56	0	0
2	56	1	1
2	34	0	1
2	12	1	0
2	12	1	1
2	56	1	0
2	12	0	0
2	12	1	1
2	34	0	0
2	34	0	0
2	12	1	1
2	56	1	1
2	34	1	1
2	12	1	0
2	12	0	0
2	56	1	0
2	56	1	1
2	56	1	1
2	34	1	1
2	12	0	0
2	12	0	0
2	56	1	1
2	12	0	0
2	12	0	1
2	56	1	0
2	34	1	1
2	56	0	0
2	56	0	0
2	56	0	0
2	34	0	0
2	34	1	1
2	56	1	1
2	56	1	1
2	12	0	1
2	56	1	0
2	34	1	0
2	56	1	0
2	56	0	1
2	12	0	0
2	34	1	1
2	56	1	1
2	56	0	0
2	12	0	0
2	34	0	0
2	56	1	0
2	56	1	1
2	56	0	1
2	56	0	1
2	12	0	0
2	56	1	0
2	34	0	0
3	34	1	1
3	12	1	1
3	12	1	1
3	34	1	1
3	56	1	1
3	12	1	1
3	56	1	1
3	56	1	1
3	12	1	1
3	12	0	0
3	34	0	0
3	34	1	1
3	34	0	0
3	56	1	1
3	12	0	0
3	34	1	1
3	34	1	1
3	12	0	0
3	12	0	0
3	34	0	0
3	34	0	0
3	56	0	1
3	12	0	0
3	56	1	0
3	56	1	1
3	56	0	0
3	56	1	1
3	12	0	0
3	34	1	1
3	34	0	0
3	12	1	0
3	12	1	1
3	34	0	1
3	12	1	1
3	12	0	0
3	34	0	1
3	34	1	1
3	12	0	1
3	56	1	1
3	12	1	0
3	34	0	0
3	34	0	0
3	56	1	0
3	56	0	0
3	56	0	1
3	34	1	0
3	34	0	0
3	34	0	0
3	34	1	0
3	34	1	1
3	34	1	1
3	34	1	1
3	56	0	0
3	12	1	1
3	12	1	1
3	34	0	0
3	34	1	0
3	34	0	0
3	12	0	1
3	56	0	1
3	12	0	0
3	56	0	1
3	12	0	0
3	34	0	0
3	34	0	0
3	34	0	0
3	56	0	1
3	56	0	0
3	56	0	1
3	12	0	0
3	12	0	0
3	12	0	0
3	12	1	1
3	12	1	0
3	34	0	0
3	56	0	1
3	12	0	0
3	56	1	1
3	12	0	0
3	56	1	1
3	56	1	1
3	12	1	0
3	12	1	0
3	34	1	1
3	34	0	0
3	12	0	1
3	12	1	0
3	12	0	0
3	56	0	1
3	12	1	1
3	12	0	0
3	34	0	0
3	12	1	0
3	12	0	0
3	12	0	0
3	12	0	1
3	34	1	1
3	34	1	1
3	56	0	0
3	34	1	1
3	56	0	1
3	56	1	1
3	56	1	1
4	12	1	0
4	34	1	1
4	34	1	1
4	12	0	0
4	56	1	1
4	12	1	1
4	12	1	1
4	34	0	0
4	56	1	0
4	34	1	1
4	56	0	1
4	34	0	1
4	34	0	0
4	12	1	1
4	34	1	1
4	34	0	1
4	34	1	0
4	12	0	0
4	12	1	0
4	34	0	0
4	12	0	0
4	56	0	1
4	56	1	1
4	12	1	0
4	34	0	1
4	56	1	1
4	56	1	1
4	12	0	1
4	12	1	1
4	56	1	0
4	34	0	1
4	56	0	0
4	34	0	1
4	34	1	1
4	12	0	0
4	56	1	1
4	56	1	0
4	12	1	0
4	34	1	0
4	34	0	0
4	12	1	1
4	34	1	1
4	12	0	0
4	34	1	1
4	12	1	1
4	12	1	0
4	34	0	0
4	34	0	1
4	34	0	0
4	56	1	1
4	56	1	0
4	12	1	1
4	56	1	0
4	34	1	1
4	34	0	0
4	12	0	0
4	34	0	0
4	56	0	1
4	56	1	1
4	56	1	0
4	34	1	1
4	34	0	0
4	12	0	0
4	12	0	0
4	56	0	0
4	34	0	0
4	34	1	1
4	12	1	1
4	34	1	0
4	12	1	1
4	12	0	0
4	34	0	0
4	56	1	0
4	56	0	0
4	12	1	1
4	12	0	0
4	34	1	1
4	34	1	0
4	12	0	0
4	12	0	0
4	12	1	1
4	34	1	1
4	12	1	1
4	12	0	0
4	12	1	1
4	56	1	1
4	34	0	0
4	56	1	0
4	12	0	0
4	56	0	1
4	12	1	1
4	34	1	0
4	34	1	1
4	12	1	1
4	34	1	1
4	12	0	0
4	12	1	1
4	12	1	1
4	12	0	1
4	56	0	1
4	34	0	0
5	12	1	1
5	34	0	0
5	12	1	1
5	56	1	1
5	12	0	0
5	34	1	1
5	34	1	1
5	34	1	0
5	34	0	0
5	56	1	1
5	34	0	0
5	34	1	1
5	34	0	0
5	12	1	0
5	12	0	0
5	12	1	1
5	56	1	0
5	34	0	1
5	12	0	0
5	34	0	0
5	12	1	1
5	12	1	1
5	12	1	1
5	34	0	0
5	56	0	0
5	34	0	1
5	12	1	0
5	34	0	1
5	12	0	0
5	12	0	1
5	56	0	0
5	56	0	1
5	56	1	1
5	12	1	1
5	56	0	0
5	34	1	1
5	56	1	1
5	12	0	0
5	56	1	1
5	34	0	1
5	56	1	1
5	56	0	1
5	12	0	0
5	12	0	0
5	34	0	0
5	56	0	0
5	34	0	0
5	12	1	0
5	12	0	0
5	12	1	0
5	12	1	0
5	56	1	0
5	56	0	0
5	56	0	0
5	12	1	1
5	34	1	1
5	56	0	1
5	56	0	1
5	56	0	0
5	56	0	0
5	12	1	0
5	56	1	0
5	12	1	1
5	34	1	1
5	12	0	1
5	34	1	1
5	12	1	1
5	34	0	1
5	56	1	1
5	56	1	1
5	34	1	1
5	56	0	1
5	56	1	1
5	56	0	0
5	12	1	1
5	34	0	0
5	56	0	0
5	56	1	1
5	12	1	1
5	12	1	1
5	12	1	0
5	12	1	1
5	56	0	1
5	34	0	0
5	56	1	0
5	12	0	0
5	56	0	0
5	56	1	1
5	12	1	0
5	12	1	0
5	56	0	0
5	56	1	1
5	34	1	0
5	12	0	1
5	12	1	1
5	34	0	0
6	12	1	1
6	56	0	0
6	34	1	0
6	12	0	0
6	56	0	1
6	12	0	0
6	12	1	1
6	12	0	0
6	12	0	1
6	12	1	1
6	12	1	1
6	56	1	1
6	12	1	1
6	56	1	1
6	56	0	0
6	34	1	1
6	12	1	1
6	56	1	0
6	34	0	1
6	56	0	1
6	56	0	1
6	34	0	1
6	56	1	1
6	56	0	0
6	12	1	1
6	34	1	1
6	56	0	0
6	12	0	0
6	12	1	1
6	12	1	1
6	12	0	0
6	12	1	1
6	56	1	0
6	12	0	0
6	12	0	1
6	12	0	0
6	12	1	1
6	12	1	1
6	56	0	0
6	34	0	0
6	12	0	0
6	34	0	1
6	56	0	1
6	34	0	0
6	56	0	1
6	12	0	0
6	12	0	1
6	56	0	0
6	12	1	1
6	34	1	1
6	56	0	1
6	12	1	1
6	12	1	1
6	34	0	0
6	34	0	0
6	56	1	1
6	56	0	0
6	34	0	0
6	12	1	1
6	12	1	1
6	34	1	1
6	34	1	1
6	12	0	1
6	12	0	0
6	12	0	0
6	34	1	1
6	12	0	0
6	56	0	0
6	12	1	1
6	34	0	1
6	12	1	1
6	56	0	0
6	34	0	0
6	34	1	1
6	34	0	0
6	12	0	0
6	34	0	0
6	56	0	1
6	56	1	0
6	34	1	0
6	34	0	0
6	56	1	1
6	34	0	0
6	12	0	0
6	12	0	0
6	56	1	1
6	12	1	1
6	56	1	0
6	34	1	1
6	12	1	1
6	56	1	1
6	56	0	0
6	34	1	1
6	12	0	1
6	56	0	0
6	34	0	0
6	56	0	1
6	56	0	0
6	56	1	1
6	34	1	1
6	56	1	1
6	56	0	0
7	56	1	1
7	34	0	0
7	34	0	0
7	34	1	1
7	56	0	0
7	56	0	1
7	12	0	1
7	34	0	0
7	34	0	0
7	34	0	0
7	34	1	1
7	34	1	1
7	12	0	1
7	12	1	1
7	12	0	0
7	12	1	1
7	34	0	0
7	12	1	0
7	34	0	1
7	34	1	1
7	12	0	0
7	12	1	0
7	12	0	0
7	56	0	1
7	12	0	1
7	34	0	0
7	56	1	1
7	12	1	0
7	34	0	0
7	34	1	1
7	34	0	0
7	12	1	0
7	34	1	1
7	34	1	0
7	12	1	1
7	12	0	0
7	34	1	1
7	34	1	1
7	34	1	1
7	12	0	1
7	56	0	1
7	12	1	0
7	34	0	1
7	56	0	0
7	12	0	0
7	56	1	1
7	12	1	0
7	12	0	1
7	12	1	0
7	12	0	0
7	34	0	0
7	56	0	1
7	34	0	0
7	34	1	1
7	34	1	1
7	34	0	1
7	56	0	0
7	34	0	0
7	12	1	1
7	12	0	0
7	34	0	1
7	34	1	1
7	56	1	0
7	12	1	1
7	56	0	1
7	56	0	0
7	12	1	0
7	34	1	1
7	56	1	0
7	34	1	1
7	34	0	0
7	56	1	0
7	56	1	0
7	34	0	0
7	12	0	0
7	56	1	1
7	12	0	0
7	56	1	1
7	34	0	1
7	34	0	0
7	34	1	0
7	12	0	0
7	12	0	0
7	34	0	0
7	12	0	0
7	12	1	1
7	12	0	0
7	56	0	0
7	12	0	0
7	34	0	1
7	12	1	1
7	56	0	1
7	56	1	0
7	34	0	1
7	56	1	1
8	12	1	1
8	34	1	0
8	12	0	1
8	12	0	0
8	34	0	0
8	12	0	0
8	34	0	0
8	34	1	1
8	34	0	0
8	56	1	0
8	56	1	1
8	56	0	1
8	56	0	0
8	34	0	1
8	12	0	0
8	56	1	0
8	56	0	0
8	56	1	0
8	34	1	0
8	56	1	1
8	56	1	1
8	12	0	0
8	12	1	1
8	12	0	1
8	12	0	0
8	12	0	0
8	34	1	1
8	34	0	0
8	56	1	1
8	56	0	0
8	12	1	1
8	34	1	1
8	56	1	1
8	12	0	1
8	56	0	0
8	12	1	1
8	56	1	1
8	56	0	0
8	34	0	1
8	34	0	0
8	56	0	1
8	34	1	0
8	12	1	1
8	12	1	1
8	34	0	1
8	56	0	0
8	56	0	0
8	12	1	1
8	56	1	1
8	56	0	0
8	12	0	0
8	56	0	0
8	34	0	0
8	12	1	1
8	56	0	0
8	12	0	1
8	34	1	1
8	34	1	1
8	34	0	1
8	12	0	0
8	56	0	0
8	12	1	0
8	56	1	1
8	34	1	1
8	34	1	1
8	56	1	1
8	34	1	1
8	56	1	1
8	12	0	0
8	34	0	0
8	12	1	1
8	12	1	1
8	56	0	1
8	34	1	1
8	56	0	1
8	34	1	1
8	12	1	1
8	34	0	1
8	12	1	1
8	56	0	1
8	34	1	0
8	34	0	0
8	12	0	1
8	12	0	1
8	56	1	1
8	56	0	1
8	56	0	1
8	34	1	0
8	34	0	0
8	34	0	1
8	56	0	1
8	12	0	0
8	56	0	0
8	56	1	0
8	12	0	1
9	12	0	0
9	12	0	0
9	12	1	1
9	34	1	1
9	56	1	1
9	34	1	1
9	56	0	1
9	34	0	1
9	34	1	0
9	12	0	0
9	56	0	0
9	12	0	0
9	12	1	0
9	34	1	0
9	56	0	0
9	12	1	0
9	56	0	0
9	56	1	1
9	34	1	1
9	56	0	0
9	12	0	0
9	56	0	1
9	56	0	0
9	12	0	0
9	12	1	1
9	12	1	1
9	56	0	1
9	12	1	1
9	34	1	1
9	12	0	1
9	12	0	0
9	56	0	0
9	34	0	1
9	12	0	1
9	56	0	0
9	12	0	0
9	34	0	0
9	56	1	0
9	34	1	1
9	12	0	1
9	12	1	1
9	12	0	0
9	12	0	1
9	12	0	0
9	56	0	0
9	34	1	0
9	56	0	0
9	12	0	0
9	56	0	0
9	34	1	1
9	56	1	0
9	12	1	1
9	34	0	0
9	34	1	1
9	56	0	1
9	12	0	0
9	12	1	1
9	56	1	1
9	34	1	0
9	12	1	1
9	56	0	1
9	12	1	0
9	12	1	1
9	56	0	1
9	56	0	0
9	56	1	1
9	12	1	1
9	12	1	1
9	56	1	1
9	56	0	1
9	12	1	1
9	56	0	0
9	56	1	1
9	56	1	0
9	12	0	0
9	34	1	1
9	12	0	0
9	56	0	1
9	12	0	0
9	56	0	1
9	56	1	0
9	56	1	1
9	56	0	1
9	12	1	0
9	12	1	1
9	34	1	0
9	12	0	0
9	34	1	1
9	12	0	0
9	34	0	0
9	56	1	0
10	56	1	0
10	12	0	0
10	34	1	1
10	34	1	1
10	34	1	1
10	56	0	1
10	34	0	1
10	56	1	1
10	56	0	0
10	12	1	1
10	56	0	0
10	34	1	1
10	12	1	1
10	12	1	1
10	34	0	0
10	56	0	1
10	12	0	1
10	34	1	1
10	56	0	0
10	34	1	1
10	34	0	0
10	56	0	0
10	34	1	1
10	12	0	0
10	56	0	1
10	12	0	0
10	34	1	1
10	34	0	0
10	56	1	1
10	12	1	1
10	56	0	1
10	34	0	0
10	56	0	0
10	34	1	0
10	34	1	1
10	34	1	1
10	34	1	1
10	56	0	0
10	56	1	1
10	34	0	0
10	56	1	1
10	12	0	0
10	12	0	0
10	56	1	1
10	12	0	1
10	12	1	1
10	56	1	1
10	12	1	0
10	56	0	0
10	12	0	0
10	12	0	0
10	56	0	0
10	34	1	0
10	56	0	1
10	12	1	1
10	34	1	0
10	34	0	0
10	34	1	0
10	12	1	0
10	56	1	0
10	56	0	1
10	12	1	1
10	56	1	1
10	12	0	0
10	34	0	0
10	56	1	1
10	34	0	0
10	12	0	0
10	12	0	1
10	56	1	1
10	34	1	0
10	56	1	0
10	12	1	1
10	34	1	1
10	56	1	1
10	12	1	1
10	12	1	1
10	12	0	1
10	34	1	1
10	34	1	1
10	34	0	0
10	56	1	1
10	56	1	0
10	34	1	1
10	12	1	1
10	56	1	1
10	34	1	0
10	12	0	0
10	34	1	1
10	56	1	1
10	34	0	0
10	56	1	1
10	12	1	1
10	12	1	1
10	56	1	1
10	56	0	1
10	34	0	0
10	34	1	1
10	12	1	1
10	12	1	1
10	34	0	0
10	56	1	1
11	12	1	1
11	12	0	0
11	12	1	1
11	34	0	0
11	34	1	0
11	12	0	0
11	56	1	0
11	56	1	0
11	34	0	0
11	12	0	1
11	34	1	1
11	12	1	1
11	34	0	0
11	12	1	1
11	56	0	1
11	34	1	0
11	34	1	1
11	34	1	1
11	56	1	0
11	12	1	1
11	12	0	0
11	34	1	0
11	56	0	0
11	12	1	1
11	34	0	0
11	34	1	0
11	56	0	1
11	34	0	0
11	12	1	0
11	12	0	0
11	34	1	1
11	34	1	1
11	56	1	1
11	56	0	1
11	12	1	1
11	12	0	0
11	12	1	0
11	34	1	1
11	12	1	1
11	34	1	1
11	12	1	1
11	56	0	0
11	12	1	1
11	56	1	1
11	12	1	1
11	56	0	1
11	34	0	1
11	12	0	1
11	34	0	0
11	56	1	1
11	56	1	1
11	56	1	1
11	56	0	0
11	56	0	0
11	34	0	1
11	56	1	1
11	56	0	0
11	12	1	0
11	56	1	0
11	34	0	0
11	34	1	1
11	56	0	1
11	12	0	1
11	12	0	0
11	12	1	0
11	12	0	0
11	12	0	1
11	56	1	0
11	56	0	0
11	56	1	1
11	34	0	1
11	34	0	0
11	12	0	1
11	34	1	1
11	34	1	1
11	34	0	0
11	12	1	1
11	12	1	1
11	12	0	0
11	56	0	0
11	34	1	1
11	56	0	0
11	12	0	0
11	56	1	0
11	34	0	0
11	12	1	1
11	12	1	1
11	34	0	0
11	34	1	1
11	34	0	0
11	12	1	1
11	56	0	1
11	34	1	0
11	34	1	1
11	34	0	0
11	56	1	1
11	12	0	0
11	56	0	0
11	12	0	1
11	34	1	0
11	12	1	1
12	34	1	0
12	34	0	0
12	56	0	0
12	12	0	0
12	56	1	1
12	34	1	1
12	56	1	1
12	56	1	1
12	56	1	0
12	34	0	1
12	34	1	1
12	34	0	0
12	34	1	1
12	56	1	0
12	56	1	0
12	34	0	0
12	56	0	1
12	34	1	1
12	12	1	1
12	56	1	1
12	56	1	1
12	12	1	1
12	12	1	1
12	56	1	1
12	12	0	0
12	34	0	1
12	12	0	1
12	12	0	1
12	12	1	1
12	12	0	0
12	12	1	0
12	34	1	1
12	34	1	0
12	12	1	1
12	12	0	0
12	56	0	0
12	56	0	1
12	56	1	1
12	56	1	1
12	12	0	0
12	34	0	0
12	56	0	0
12	12	1	1
12	12	1	1
12	34	1	1
12	12	1	1
12	34	1	0
12	56	0	0
12	56	1	1
12	34	1	1
12	56	0	0
12	12	0	0
12	12	1	1
12	56	0	1
12	56	0	0
12	12	0	0
12	12	0	0
12	12	0	0
12	34	1	1
12	56	1	0
12	12	0	0
12	56	1	1
12	56	1	0
12	12	1	0
12	12	0	0
12	34	0	0
12	34	1	1
12	56	1	1
12	56	0	0
12	56	1	0
12	12	1	0
12	56	0	1
12	56	0	0
12	34	0	0
12	12	0	0
12	12	1	1
12	12	0	1
12	12	0	0
12	56	0	1
12	56	1	1
12	34	0	0
12	34	0	0
12	34	0	1
12	56	1	1
12	12	1	0
12	34	0	1
12	12	1	1
12	12	1	1
12	56	1	1
12	56	0	0
12	12	1	1
12	12	0	1
12	12	1	0
12	56	0	1
12	12	1	1
12	34	0	0
12	12	1	1
12	34	1	1
13	34	1	0
13	34	0	1
13	56	1	1
13	12	0	1
13	34	0	0
13	12	1	1
13	56	1	0
13	12	0	0
13	12	0	1
13	34	0	1
13	34	0	0
13	56	1	1
13	12	1	1
13	56	1	1
13	34	1	1
13	12	0	0
13	34	0	0
13	56	1	1
13	56	1	1
13	34	1	1
13	12	0	0
13	34	1	1
13	12	1	1
13	34	1	1
13	56	0	0
13	12	0	0
13	34	1	1
13	34	1	1
13	34	0	0
13	56	0	0
13	56	0	1
13	56	1	1
13	56	1	1
13	12	0	0
13	56	1	0
13	56	0	1
13	12	0	0
13	34	0	0
13	56	1	1
13	34	0	0
13	56	1	0
13	34	1	1
13	12	1	1
13	34	1	1
13	12	0	0
13	56	0	1
13	56	0	0
13	34	1	1
13	12	0	0
13	56	0	1
13	12	1	0
13	56	0	1
13	34	0	0
13	34	0	1
13	12	1	1
13	34	1	1
13	56	0	0
13	56	1	1
13	56	1	1
13	34	0	0
13	34	0	1
13	56	1	1
13	34	0	0
13	56	1	0
13	56	0	0
13	34	1	0
13	12	0	0
13	12	0	0
13	56	1	1
13	56	0	1
13	56	0	1
13	56	1	1
13	12	1	1
13	34	0	0
13	12	0	0
13	12	1	0
13	12	1	1
13	56	1	1
13	12	1	1
13	34	0	0
13	12	1	1
13	12	0	0
13	56	0	0
13	34	1	0
13	56	1	0
13	34	1	1
13	12	1	1
13	12	1	1
13	12	0	1
13	34	1	1
13	34	0	0
13	34	0	0
13	12	1	1
13	56	1	1
13	56	0	0
13	56	0	0
13	12	1	1
13	34	1	1
13	12	1	0
13	34	1	1
13	12	0	1
13	12	1	1
13	56	0	0
14	34	1	0
14	34	0	0
14	56	1	1
14	12	0	0
14	34	0	0
14	12	0	0
14	56	1	1
14	34	1	1
14	34	1	1
14	34	0	0
14	56	0	1
14	12	1	1
14	56	1	1
14	12	1	0
14	12	0	1
14	56	1	1
14	34	0	1
14	34	1	1
14	56	1	1
14	56	1	0
14	56	1	1
14	56	0	0
14	12	1	0
14	34	1	1
14	34	1	0
14	34	0	0
14	56	0	0
14	34	0	0
14	12	1	0
14	12	1	1
14	34	1	1
14	34	0	1
14	34	0	0
14	12	0	1
14	34	0	1
14	56	0	1
14	34	0	0
14	56	0	0
14	34	1	0
14	12	0	0
14	34	1	1
14	34	1	0
14	12	1	1
14	12	1	1
14	12	0	1
14	56	0	1
14	56	0	0
14	34	1	0
14	34	0	0
14	56	0	0
14	56	1	1
14	34	1	1
14	34	1	1
14	12	1	1
14	12	1	1
14	56	0	1
14	34	0	0
14	12	0	0
14	56	1	1
14	56	1	0
14	34	1	0
14	56	0	1
14	56	0	1
14	34	0	1
14	12	0	0
14	34	1	0
14	12	1	0
14	12	1	1
14	12	1	1
14	12	1	1
14	56	0	0
14	34	1	0
14	12	0	1
14	56	0	0
14	12	1	1
14	56	1	1
14	34	1	0
14	56	1	0
14	12	0	0
14	12	0	0
14	12	1	1
14	12	1	1
14	34	0	1
14	12	0	0
14	34	0	0
14	56	1	0
14	34	0	0
14	56	1	1
14	56	0	0
14	12	0	0
14	56	1	0
14	34	0	0
14	12	1	0
14	12	0	0
14	12	1	1
14	56	1	1
14	34	1	0
14	34	1	0
14	12	0	0
14	12	0	0
14	56	0	1
15	56	0	0
15	34	0	0
15	12	0	0
15	34	0	0
15	12	0	0
15	34	0	1
15	34	0	0
15	12	0	0
15	12	0	0
15	56	1	0
15	34	1	1
15	34	0	0
15	56	1	0
15	34	0	0
15	34	1	1
15	12	1	1
15	34	1	1
15	34	1	1
15	12	1	1
15	12	1	1
15	56	0	0
15	56	0	1
15	34	0	0
15	12	1	1
15	56	1	1
15	34	0	0
15	56	1	0
15	56	1	0
15	12	0	0
15	34	1	1
15	12	0	1
15	56	1	1
15	56	0	1
15	12	0	0
15	12	0	0
15	12	1	1
15	12	0	0
15	34	0	0
15	34	1	0
15	12	1	1
15	12	0	0
15	34	0	1
15	34	1	1
15	12	0	1
15	56	0	1
15	56	0	0
15	34	0	0
15	12	1	0
15	12	0	0
15	12	1	0
15	34	0	0
15	12	1	1
15	56	1	1
15	56	0	0
15	12	0	0
15	12	1	1
15	34	0	1
15	34	1	1
15	12	0	1
15	12	1	1
15	12	1	1
15	34	0	0
15	34	1	0
15	34	0	1
15	56	0	0
15	56	1	1
15	12	1	1
15	34	1	0
15	34	1	1
15	56	1	1
15	34	0	0
15	12	1	1
15	12	1	1
15	56	0	1
15	12	0	0
15	56	0	0
15	12	1	1
15	12	0	0
15	56	0	1
15	56	1	1
15	34	0	1
15	34	1	1
15	56	1	0
15	12	1	1
15	12	0	0
15	12	1	1
15	56	1	0
15	12	0	1
15	12	0	0
15	56	1	0
15	12	1	1
15	12	0	0
15	34	0	0
15	12	1	1
15	56	1	1
15	56	0	1
15	56	1	1
15	12	0	0
15	12	0	0
15	56	1	1
15	12	1	1
15	12	0	0
15	34	0	0
16	56	1	1
16	34	1	1
16	12	1	1
16	12	1	0
16	34	1	0
16	12	0	0
16	34	0	0
16	34	1	1
16	12	0	1
16	56	0	0
16	12	0	0
16	34	0	0
16	34	1	1
16	34	1	1
16	12	1	1
16	34	1	0
16	34	0	0
16	56	1	0
16	34	0	0
16	34	0	0
16	56	1	1
16	12	0	0
16	34	1	0
16	34	0	0
16	34	0	1
16	34	1	1
16	12	1	1
16	34	1	1
16	56	0	1
16	34	1	1
16	56	0	1
16	56	1	1
16	12	0	0
16	56	0	1
16	56	0	1
16	12	0	0
16	34	0	1
16	56	1	0
16	12	1	0
16	12	0	0
16	34	0	0
16	34	1	1
16	34	0	1
16	12	0	0
16	12	1	1
16	12	1	1
16	56	1	1
16	12	1	0
16	56	1	0
16	34	0	1
16	34	1	1
16	34	1	1
16	12	1	1
16	12	1	0
16	56	0	0
16	12	0	0
16	34	0	0
16	56	0	0
16	34	1	0
16	56	0	0
16	34	0	0
16	34	0	0
16	12	1	1
16	56	1	1
16	56	0	1
16	56	0	0
16	56	0	1
16	56	0	0
16	34	0	0
16	56	1	0
16	34	0	0
16	12	0	0
16	34	0	0
16	34	1	0
16	56	1	1
16	34	1	0
16	56	1	0
16	12	0	0
16	12	0	1
16	12	1	1
16	34	1	1
16	12	0	1
16	56	1	0
16	34	1	0
16	34	0	1
16	12	0	0
16	12	0	0
16	12	1	1
16	34	0	0
16	34	0	0
16	12	1	1
16	56	1	1
17	34	1	1
17	34	1	1
17	34	1	1
17	56	1	0
17	56	1	1
17	56	1	1
17	34	0	0
17	34	0	0
17	12	1	0
17	34	1	1
17	34	1	1
17	56	0	1
17	12	0	0
17	12	1	1
17	12	1	1
17	56	0	1
17	56	0	1
17	12	1	1
17	12	0	0
17	56	0	1
17	12	0	1
17	12	1	0
17	12	1	0
17	34	1	1
17	34	1	1
17	56	0	0
17	34	0	1
17	12	1	1
17	56	1	0
17	56	1	1
17	12	1	1
17	12	0	1
17	34	0	0
17	12	1	0
17	12	1	0
17	12	1	1
17	34	1	1
17	34	0	0
17	12	0	1
17	12	1	0
17	12	1	0
17	34	0	0
17	34	0	1
17	12	1	1
17	34	0	0
17	56	1	0
17	56	1	1
17	12	1	1
17	12	1	0
17	34	1	0
17	56	1	0
17	56	1	0
17	34	1	1
17	56	0	0
17	12	0	0
17	34	0	0
17	12	0	0
17	12	1	1
17	12	0	1
17	56	0	1
17	34	0	0
17	12	1	1
17	34	1	0
17	34	0	1
17	56	0	1
17	12	0	1
17	34	0	1
17	56	0	0
17	12	1	1
17	12	0	0
17	56	1	1
17	56	0	0
17	56	0	0
17	12	0	0
17	34	0	1
17	12	0	0
17	56	1	1
17	12	1	0
17	56	0	0
17	12	1	1
17	12	0	0
17	34	1	1
17	34	0	1
17	34	1	1
17	12	1	1
17	56	0	1
17	12	1	1
17	12	0	1
17	56	1	1
17	34	1	1
17	34	1	1
17	56	1	1
17	56	1	1
17	56	1	0
17	34	1	1
17	12	1	1
17	56	0	1
17	12	1	1
17	34	1	1
18	12	0	1
18	12	0	0
18	56	0	0
18	56	1	1
18	34	1	1
18	12	1	1
18	12	0	0
18	12	0	0
18	56	1	1
18	34	0	0
18	56	0	0
18	12	1	0
18	34	1	1
18	34	0	0
18	56	1	1
18	56	1	1
18	56	0	1
18	56	1	1
18	56	0	1
18	56	1	1
18	34	0	0
18	56	0	0
18	34	0	1
18	34	0	0
18	56	0	0
18	34	1	0
18	56	0	0
18	12	1	1
18	12	0	0
18	34	0	0
18	34	0	0
18	12	1	1
18	34	1	1
18	56	0	0
18	34	1	1
18	12	0	0
18	34	1	1
18	56	1	1
18	34	0	1
18	56	0	1
18	34	1	1
18	12	1	1
18	12	1	1
18	34	0	1
18	34	0	0
18	56	1	0
18	34	0	0
18	56	1	1
18	34	0	0
18	12	1	1
18	12	0	0
18	56	0	0
18	56	0	0
18	56	1	1
18	56	1	1
18	34	0	0
18	34	0	1
18	12	0	0
18	56	0	0
18	56	0	0
18	34	1	1
18	34	0	1
18	34	1	1
18	56	1	0
18	56	1	1
18	34	0	1
18	12	0	0
18	56	0	1
18	12	0	0
18	12	1	1
18	56	1	1
18	56	0	1
18	56	0	0
18	34	1	1
18	34	1	1
18	56	0	0
18	34	0	0
18	56	0	0
18	34	1	1
18	12	1	1
18	56	1	1
18	56	0	0
18	34	1	1
18	34	0	0
18	34	0	0
18	34	1	1
18	56	0	0
18	56	0	0
18	56	0	1
18	56	1	1
18	34	0	1
18	12	1	1
18	56	0	1
18	56	0	0
18	12	1	1
18	12	1	1
18	34	1	1
18	34	1	1
18	12	0	1
18	12	1	1
18	34	1	1
18	34	0	0
19	34	1	1
19	34	0	0
19	56	1	0
19	12	1	1
19	34	0	0
19	34	1	1
19	34	1	1
19	34	1	0
19	56	0	0
19	56	0	1
19	12	1	1
19	12	0	0
19	56	0	1
19	34	0	1
19	12	1	0
19	12	1	1
19	12	1	1
19	12	0	1
19	56	1	0
19	34	1	0
19	34	0	0
19	12	1	0
19	34	0	1
19	12	0	1
19	12	1	1
19	12	0	0
19	56	0	0
19	34	1	1
19	56	0	0
19	34	1	0
19	12	1	1
19	34	1	1
19	56	0	0
19	34	0	0
19	12	1	1
19	56	0	0
19	34	1	0
19	12	1	1
19	12	0	1
19	56	1	0
19	56	1	0
19	34	1	1
19	56	1	0
19	34	0	0
19	56	1	1
19	56	1	1
19	12	0	0
19	12	1	1
19	34	1	0
19	12	1	1
19	12	0	0
19	12	0	0
19	12	0	1
19	56	1	0
19	12	0	0
19	12	0	1
19	34	0	0
19	56	1	0
19	56	0	0
19	12	1	1
19	12	0	0
19	34	1	0
19	12	1	1
19	12	0	0
19	12	0	0
19	12	1	0
19	34	0	0
19	34	0	0
19	12	1	0
19	12	1	1
19	34	1	1
19	56	0	0
19	12	0	0
19	12	1	1
19	56	1	0
19	34	0	1
19	56	0	0
19	56	0	0
19	34	1	1
19	12	1	1
19	56	0	1
19	12	1	1
19	34	0	1
19	34	1	0
19	12	0	0
19	34	0	0
19	12	1	0
19	56	1	1
19	34	1	1
19	12	1	1
19	56	1	0
19	56	1	0
19	34	0	1
19	34	1	1
19	34	0	1
19	12	0	0
19	56	1	1
19	34	0	1
19	12	1	1
19	34	0	1
19	56	0	0
19	56	0	1
20	34	0	0
20	12	1	1
20	56	1	1
20	34	1	1
20	12	0	1
20	56	1	0
20	56	1	1
20	34	0	0
20	12	1	1
20	34	0	1
20	12	0	0
20	12	0	1
20	34	1	1
20	56	0	1
20	34	1	1
20	12	0	0
20	12	0	0
20	56	0	0
20	56	0	0
20	12	1	0
20	12	0	0
20	12	1	1
20	34	0	0
20	34	0	0
20	12	0	0
20	12	0	0
20	56	1	1
20	12	1	0
20	56	1	0
20	34	1	1
20	56	1	1
20	12	0	0
20	12	1	1
20	34	0	1
20	34	1	1
20	12	1	1
20	12	0	1
20	34	0	0
20	34	1	1
20	12	0	1
20	34	0	0
20	56	1	0
20	56	1	1
20	12	0	0
20	56	1	1
20	34	1	1
20	34	0	0
20	56	0	0
20	56	1	1
20	56	0	0
20	34	0	0
20	34	0	0
20	12	0	1
20	34	0	0
20	34	1	0
20	34	1	1
20	12	1	1
20	12	0	0
20	56	1	0
20	12	1	1
20	12	0	0
20	34	1	0
20	12	0	0
20	56	0	0
20	34	1	1
20	34	1	0
20	56	1	1
20	12	0	0
20	12	0	0
20	34	1	1
20	56	1	0
20	12	0	0
20	56	1	0
20	12	1	1
20	12	1	1
20	56	0	0
20	56	0	0
20	56	0	1
20	34	0	0
20	56	0	1
20	12	0	0
20	56	1	1
20	12	0	0
20	12	1	1
20	34	1	0
20	12	1	0
20	56	0	0
20	34	0	0
20	12	1	1
20	56	0	0
20	12	1	1
20	56	1	0
20	34	0	0
20	56	0	1
20	34	0	0
20	12	0	0
20	34	1	1
20	12	0	0
20	34	0	0
20	56	1	1
20	56	1	1
20	56	1	0
21	34	0	0
21	56	1	0
21	12	1	0
21	12	0	0
21	56	0	0
21	12	1	1
21	12	1	1
21	12	1	1
21	34	0	0
21	12	0	0
21	34	1	0
21	12	1	1
21	56	0	1
21	34	1	1
21	34	0	0
21	12	1	1
21	34	0	1
21	34	0	1
21	56	0	0
21	12	0	0
21	56	0	1
21	12	1	1
21	34	0	0
21	12	1	1
21	34	1	0
21	56	1	1
21	34	1	1
21	34	0	0
21	12	1	1
21	12	0	0
21	34	0	0
21	34	0	1
21	12	1	1
21	12	0	0
21	34	0	0
21	56	1	0
21	12	1	1
21	12	1	1
21	12	1	1
21	12	0	0
21	34	1	0
21	56	1	0
21	12	0	1
21	56	0	0
21	12	1	1
21	34	0	0
21	56	1	1
21	12	1	1
21	12	1	1
21	34	1	1
21	12	0	0
21	12	1	1
21	12	0	0
21	56	0	1
21	34	1	0
21	12	0	0
21	56	0	0
21	34	0	1
21	12	1	1
21	12	0	0
21	34	1	1
21	12	0	0
21	12	0	0
21	56	0	0
21	34	0	0
21	56	0	0
21	56	0	0
21	56	0	0
21	56	1	1
21	56	1	0
21	56	1	0
21	34	0	0
21	12	0	0
21	12	1	0
21	34	0	0
21	56	1	0
21	56	0	1
21	56	0	0
21	12	1	1
21	12	0	0
21	56	0	0
21	34	0	1
21	56	0	0
21	34	1	1
21	12	0	0
21	56	0	0
21	56	0	0
21	56	1	0
21	34	1	1
21	34	0	0
22	12	1	1
22	12	0	0
22	56	1	0
22	34	0	0
22	56	0	1
22	34	1	1
22	34	1	1
22	12	1	0
22	34	0	0
22	12	0	0
22	34	1	1
22	34	0	0
22	12	0	0
22	12	0	0
22	34	0	0
22	34	0	0
22	12	1	1
22	56	1	1
22	12	0	0
22	12	1	1
22	12	1	1
22	12	0	0
22	34	1	1
22	12	0	0
22	12	0	1
22	12	0	0
22	12	1	1
22	56	0	0
22	34	0	0
22	56	1	1
22	12	0	1
22	34	0	1
22	56	0	0
22	34	0	0
22	12	1	1
22	34	1	1
22	56	0	0
22	12	1	1
22	34	1	1
22	12	1	1
22	34	1	0
22	12	1	1
22	34	1	1
22	56	1	1
22	34	0	1
22	34	1	1
22	34	1	1
22	56	1	0
22	12	0	1
22	56	0	1
22	34	0	0
22	34	0	0
22	34	1	0
22	12	1	1
22	56	0	1
22	56	0	1
22	56	1	0
22	12	1	1
22	12	0	0
22	56	1	0
22	12	1	1
22	56	1	1
22	12	1	0
22	12	1	1
22	12	1	1
22	56	0	1
22	12	1	1
22	12	1	1
22	56	0	1
22	12	0	0
22	34	0	1
22	12	1	1
22	56	1	1
22	56	0	1
22	12	1	1
22	12	0	0
22	56	0	0
22	12	0	0
22	56	1	0
22	56	0	1
22	34	0	0
22	12	1	1
22	56	0	0
22	56	1	1
22	34	0	0
22	12	1	1
22	12	0	1
22	56	0	1
22	34	0	0
22	34	0	0
22	56	0	0
22	12	0	0
22	12	0	0
22	56	1	1
22	34	1	0
22	34	1	0
22	12	1	1
22	12	1	1
23	34	1	1
23	56	1	1
23	12	1	1
23	56	0	1
23	56	1	1
23	34	0	0
23	34	0	0
23	56	0	0
23	34	1	1
23	56	0	0
23	12	1	1
23	34	1	0
23	12	1	1
23	12	1	1
23	34	0	0
23	34	1	1
23	12	1	1
23	56	0	0
23	34	0	1
23	34	0	0
23	34	0	0
23	12	1	0
23	34	0	1
23	12	1	0
23	12	1	1
23	56	0	0
23	12	0	0
23	34	0	1
23	12	1	1
23	34	1	1
23	34	1	1
23	12	0	0
23	12	0	0
23	12	1	1
23	34	1	0
23	12	0	0
23	56	1	0
23	56	0	0
23	12	1	1
23	12	1	1
23	34	1	1
23	34	1	0
23	56	1	0
23	56	0	0
23	56	0	0
23	34	1	0
23	34	1	1
24	12	1	1
24	34	1	1
24	34	0	1
24	34	0	1
24	12	0	0
24	12	1	1
24	34	0	0
24	34	0	0
24	12	1	0
24	12	0	0
24	56	1	0
24	12	0	0
24	34	1	0
24	34	0	0
24	34	0	1
24	12	0	1
24	12	0	0
24	34	0	0
24	56	0	0
24	34	0	0
24	34	1	1
24	34	1	0
24	34	0	0
24	56	0	1
24	12	0	0
24	12	0	0
24	56	1	1
24	56	1	0
24	12	0	0
24	12	1	1
24	56	1	1
24	34	1	1
24	56	0	1
24	56	1	1
24	34	1	0
24	34	0	1
24	34	0	1
24	34	1	0
24	12	1	1
24	56	0	1
24	12	1	1
24	56	1	0
24	12	0	0
24	34	0	0
24	34	0	0
24	34	0	0
24	34	1	1
24	12	0	0
24	12	1	1
24	56	0	1
24	56	1	1
24	12	1	0
24	34	0	0
24	12	1	1
24	12	1	1
24	56	0	0
24	56	1	0
24	56	0	0
24	34	0	0
24	34	1	0
24	56	1	0
24	56	0	1
24	34	1	1
24	12	1	1
24	34	0	0
25	56	0	0
25	34	0	0
25	12	1	1
25	56	1	0
25	56	1	1
25	12	0	0
25	34	0	0
25	56	1	1
25	12	0	0
25	56	1	1
25	34	0	1
25	34	1	0
25	34	0	1
25	34	1	1
25	12	1	1
25	56	0	1
25	12	0	1
25	56	1	0
25	12	0	0
25	56	0	1
25	56	1	0
25	34	1	0
25	34	0	0
25	56	1	0
25	34	0	0
25	56	0	0
25	12	0	0
25	12	1	1
25	56	0	0
25	56	0	0
25	56	1	1
25	56	0	0
25	34	0	0
25	12	1	1
25	12	0	0
25	34	0	0
25	34	0	0
25	12	1	1
25	34	0	0
25	56	1	1
25	34	1	1
25	34	0	1
25	34	0	1
25	56	0	0
25	34	1	1
25	56	0	1
25	56	0	1
25	12	0	1
25	34	0	0
25	12	1	0
25	56	0	0
25	12	1	1
25	56	0	1
25	12	1	1
25	34	0	0
25	34	1	1
25	56	1	1
25	34	1	1
25	56	0	1
25	34	0	0
25	12	1	1
25	12	0	0
25	12	1	0
25	56	0	0
25	34	0	1
25	12	0	0
25	12	0	0
25	56	1	1
25	12	0	0
25	12	0	0
25	56	1	1
25	34	1	0
25	34	1	1
25	56	0	1
25	34	0	0
25	56	1	0
25	34	1	1
25	34	1	1
25	56	0	0
25	34	1	1
25	34	0	0
25	56	0	0
25	34	0	0
25	34	0	1
25	34	1	1
25	12	0	0
25	34	1	0
25	12	1	1
25	12	1	1
25	34	1	0
25	12	1	1
25	56	1	0
25	12	0	1
25	12	1	1
25	12	1	1
25	34	0	0
25	56	1	0
25	56	0	0
25	56	0	0
25	56	1	1
25	34	0	0
26	34	0	0
26	34	0	0
26	56	0	0
26	34	1	1
26	34	0	1
26	34	0	0
26	34	0	0
26	12	0	0
26	12	1	1
26	12	0	0
26	34	0	0
26	56	1	0
26	12	0	0
26	34	1	1
26	56	1	0
26	34	1	1
26	34	0	0
26	12	0	1
26	34	1	1
26	34	0	0
26	12	1	1
26	34	1	1
26	12	1	1
26	12	0	0
26	12	0	0
26	56	1	1
26	56	1	1
26	34	0	1
26	34	0	0
26	56	1	1
26	34	0	0
26	12	0	0
26	34	1	1
26	56	0	0
26	56	1	1
26	12	0	0
26	12	0	0
26	12	1	1
26	12	0	0
26	56	0	1
26	56	1	0
26	56	0	1
26	56	0	0
26	56	0	0
26	12	0	0
26	12	1	0
26	12	0	0
26	56	1	1
26	34	1	1
26	56	1	1
26	34	0	1
26	34	0	0
26	12	0	0
26	34	1	1
26	56	0	1
26	56	1	1
26	56	0	0
26	34	0	0
26	34	0	0
26	56	1	1
26	34	0	0
26	34	1	0
26	12	1	0
26	12	1	1
26	34	0	1
26	12	1	1
26	12	0	1
26	34	0	0
26	56	0	1
26	56	1	0
26	12	0	1
26	12	1	1
26	34	0	0
26	34	1	1
26	34	1	1
26	12	0	0
26	34	1	1
26	34	1	0
26	56	0	1
26	34	1	1
26	34	1	0
26	56	0	0
26	56	1	1
26	12	1	1
26	34	0	1
26	56	1	0
26	34	1	0
26	56	1	1
26	34	0	0
26	34	1	1
26	12	1	0
26	56	1	1
26	34	0	1
26	12	1	1
26	56	1	0
26	12	1	0
27	34	1	0
27	12	1	1
27	56	1	1
27	12	0	0
27	56	0	0
27	56	1	0
27	12	0	0
27	34	0	0
27	34	0	1
27	12	0	0
27	34	1	0
27	56	1	1
27	12	0	1
27	56	1	1
27	56	1	1
27	34	1	1
27	12	0	1
27	56	0	1
27	56	0	0
27	56	0	0
27	34	1	1
27	12	1	0
27	12	1	1
27	56	0	0
27	12	0	0
27	12	1	1
27	12	0	0
27	12	0	0
27	12	1	1
27	34	1	0
27	12	0	0
27	56	1	1
27	12	1	0
27	56	1	1
27	34	0	1
27	34	0	0
27	56	1	0
27	34	1	0
27	56	1	1
27	34	1	1
27	56	0	0
27	34	0	0
27	56	1	0
27	34	1	1
27	12	1	0
27	12	0	0
27	12	1	1
27	34	0	1
27	34	0	0
27	12	0	0
27	56	0	1
27	12	0	0
27	34	0	0
27	12	1	0
27	56	1	1
27	34	0	1
27	56	1	1
27	34	1	0
27	12	1	0
27	34	1	1
27	56	1	1
27	56	1	1
27	12	1	1
27	12	0	0
27	56	0	1
27	34	1	1
27	56	1	0
27	12	1	1
27	56	0	0
27	12	0	0
27	34	1	1
27	56	0	0
27	34	1	1
27	56	0	0
27	34	0	0
27	34	0	0
27	56	1	0
27	12	1	1
27	56	0	0
27	56	0	1
27	34	0	0
27	12	0	1
27	12	1	1
27	12	0	1
27	34	1	1
27	34	0	0
27	12	1	1
27	12	1	0
27	12	0	0
27	12	0	1
27	34	1	1
27	34	0	0
27	34	1	1
27	34	0	0
27	12	0	1
27	56	0	0
27	12	1	1
27	34	0	0
27	56	0	0
28	56	1	0
28	12	1	1
28	12	0	0
28	56	1	1
28	12	0	0
28	56	1	1
28	12	0	0
28	56	1	0
28	34	1	1
28	34	0	0
28	56	0	0
28	12	1	1
28	56	0	0
28	56	0	1
28	56	0	0
28	56	0	1
28	34	1	0
28	12	1	1
28	34	1	1
28	34	1	1
28	56	1	1
28	56	0	1
28	12	0	1
28	34	0	0
28	34	1	1
28	12	1	0
28	34	1	1
28	12	1	1
28	12	0	0
28	34	0	0
28	56	0	0
28	56	0	1
28	34	0	0
28	56	0	0
28	12	1	1
28	56	1	1
28	34	1	1
28	34	1	1
28	34	1	1
28	56	0	1
28	56	0	1
28	56	0	0
28	56	1	0
28	12	1	1
28	34	1	0
28	34	1	1
28	34	1	1
28	56	0	0
28	34	1	1
28	34	1	1
28	34	0	0
28	34	0	0
28	12	0	0
28	12	0	0
28	12	1	1
28	12	1	1
28	56	1	1
28	56	0	1
28	12	0	0
28	34	0	1
28	34	1	1
28	34	0	0
28	56	0	0
28	34	0	0
28	56	1	0
28	12	0	1
28	56	0	1
28	34	1	1
28	56	1	0
28	12	0	0
28	34	1	1
28	56	1	1
28	56	1	0
28	56	0	0
28	56	0	1
28	12	0	0
28	12	1	1
28	56	1	0
28	56	0	0
28	56	0	1
28	34	1	0
28	56	0	1
28	56	1	1
28	34	0	0
28	12	0	0
28	56	1	1
28	12	0	0
28	12	0	0
28	34	1	1
28	34	1	1
28	12	0	0
28	34	1	1
28	34	0	1
28	56	0	0
28	56	0	0
28	34	1	1
28	34	0	1
28	34	0	1
28	34	1	0
28	34	0	0
28	12	1	1
29	34	1	1
29	34	1	0
29	56	1	1
29	34	0	0
29	12	0	0
29	12	1	1
29	34	0	1
29	56	0	1
29	34	1	0
29	34	0	0
29	56	1	0
29	56	1	0
29	34	0	0
29	56	1	1
29	12	0	0
29	56	0	0
29	56	0	0
29	56	0	0
29	34	1	0
29	34	0	0
29	56	1	1
29	56	0	0
29	56	1	1
29	12	0	0
29	34	1	1
29	34	0	0
29	12	1	0
29	56	1	0
29	34	0	1
29	12	1	0
29	34	0	1
29	34	1	1
29	56	1	1
29	12	1	1
29	12	0	0
29	34	1	1
29	34	0	0
29	12	0	0
29	56	1	0
29	34	0	0
29	12	0	0
29	56	1	0
29	56	0	0
29	56	0	1
29	56	1	1
29	34	0	0
29	56	1	0
29	12	0	0
29	56	1	1
29	34	1	1
29	34	1	1
29	12	0	1
29	12	0	0
29	12	1	1
29	34	1	0
29	56	1	1
29	34	1	1
29	12	1	1
29	56	1	1
29	12	0	1
29	34	1	1
29	56	1	1
29	12	1	1
29	34	0	0
29	12	1	0
29	34	0	0
29	12	0	0
29	34	0	0
29	56	0	0
29	12	1	1
29	34	1	1
29	12	0	0
29	12	0	0
29	12	0	0
29	34	1	1
29	56	0	0
29	12	1	1
29	56	1	0
29	34	0	0
29	12	1	1
29	34	0	0
29	34	1	1
29	12	0	0
29	34	0	0
29	34	1	1
29	12	1	1
29	56	1	0
29	34	0	1
29	56	0	1
29	34	0	0
29	12	1	1
29	12	0	0
30	12	1	1
30	12	1	1
30	56	1	0
30	56	0	1
30	12	1	1
30	34	1	1
30	56	0	1
30	34	1	0
30	34	0	0
30	12	1	1
30	34	1	0
30	34	0	0
30	56	1	0
30	34	1	1
30	34	1	1
30	12	0	0
30	12	1	0
30	12	1	1
30	12	1	1
30	56	1	1
30	56	1	1
30	56	1	0
30	34	1	0
30	34	0	0
30	56	0	1
30	34	0	0
30	56	0	0
30	12	1	1
30	12	1	1
30	34	0	0
30	12	0	0
30	34	1	0
30	12	0	0
30	34	0	1
30	12	0	0
30	34	0	0
30	34	0	1
30	34	1	0
30	34	1	1
30	56	0	1
30	12	0	0
30	56	0	1
30	34	0	0
30	56	1	1
30	12	1	1
30	34	0	0
30	34	1	1
30	56	1	0
30	56	0	1
30	34	1	1
30	12	1	1
30	34	1	1
30	12	1	1
30	34	0	0
30	56	1	0
30	34	1	1
30	12	0	0
30	56	0	1
30	12	1	0
30	12	0	0
30	56	0	0
30	12	1	1
30	56	0	1
30	12	0	0
30	12	0	0
30	34	0	1
30	56	0	0
30	34	0	0
30	34	1	1
30	34	0	0
30	56	1	1
30	56	0	0
30	56	1	1
30	34	0	0
30	12	1	1
30	56	1	1
30	12	0	0
30	12	1	1
30	12	0	1
30	12	0	0
30	34	0	1
30	12	0	0
30	34	1	0
30	34	1	1
31	12	0	1
31	56	0	0
31	34	0	1
31	12	0	0
31	56	1	1
31	56	1	1
31	12	1	1
31	56	0	0
31	56	1	1
31	34	0	1
31	34	1	1
31	34	0	0
31	56	0	0
31	12	1	1
31	56	1	0
31	56	1	0
31	34	0	0
31	56	0	1
31	12	1	1
31	56	1	0
31	12	0	0
31	12	0	0
31	12	1	1
31	12	1	0
31	34	0	0
31	34	1	1
31	56	1	1
31	34	0	0
31	56	0	0
31	34	0	0
31	12	1	0
31	12	0	0
31	56	1	1
31	12	0	0
31	12	0	0
31	12	0	0
31	56	0	1
31	12	1	0
31	12	0	0
31	34	1	1
31	56	0	1
31	56	1	0
31	34	1	1
31	56	1	1
31	34	1	1
31	12	0	0
31	56	1	1
31	12	0	0
31	34	1	1
31	56	0	1
31	56	1	1
31	12	0	0
31	12	1	1
31	34	0	1
31	12	1	1
31	56	0	0
31	34	0	1
31	12	0	0
31	34	1	0
31	56	1	1
31	12	0	1
31	12	1	1
31	34	1	0
31	56	0	0
31	12	1	0
31	12	1	1
31	34	1	1
31	12	0	0
31	56	1	0
31	12	0	0
31	12	1	1
31	12	1	1
31	12	1	1
31	56	1	1
31	34	0	0
31	12	1	1
31	34	1	0
31	12	0	1
31	12	0	1
31	56	1	0
31	34	0	0
31	12	1	1
31	34	0	0
31	56	0	0
31	12	0	1
31	34	0	0
31	12	0	0
31	56	0	0
31	12	1	1
31	56	1	0
31	56	1	1
31	56	1	1
31	56	0	0
31	56	1	1
31	56	0	0
31	34	1	1
31	56	0	0
32	34	1	1
32	56	0	1
32	34	1	1
32	34	1	0
32	12	1	1
32	12	1	1
32	34	0	0
32	34	1	1
32	34	0	1
32	12	0	0
32	56	0	1
32	56	1	0
32	34	1	1
32	34	0	1
32	12	1	1
32	34	1	1
32	12	1	1
32	56	0	0
32	34	0	0
32	56	1	1
32	56	0	0
32	34	0	1
32	56	1	0
32	12	0	0
32	12	0	1
32	12	1	1
32	34	1	1
32	34	0	1
32	34	1	0
32	56	1	0
32	34	0	1
32	56	0	0
32	34	1	1
32	56	1	1
32	34	1	0
32	56	0	0
32	34	0	0
32	56	1	0
32	56	1	0
32	56	0	0
32	56	0	0
32	12	1	1
32	12	0	0
32	12	0	0
32	56	1	0
32	12	1	1
32	12	1	0
32	34	1	1
32	12	0	1
32	34	0	1
32	34	0	0
32	56	1	1
32	56	1	1
32	56	1	1
32	12	1	0
32	34	1	0
32	12	0	1
32	34	1	1
32	56	0	1
32	56	0	0
32	34	1	0
32	56	1	1
32	12	0	1
32	56	0	0
32	34	1	0
32	56	0	1
32	34	0	0
32	34	0	0
32	56	0	0
32	56	0	0
32	34	0	0
32	34	1	1
32	34	0	0
32	56	1	1
32	56	0	0
32	56	1	0
32	12	0	1
32	56	0	1
32	56	0	1
32	34	1	1
32	56	0	0
32	34	1	1
32	34	1	1
32	34	0	1
32	34	1	1
32	34	0	0
32	34	0	0
32	56	0	1
32	34	0	0
32	12	1	1
32	12	1	1
32	56	0	0
32	34	1	0
32	12	0	0
32	34	0	0
32	34	1	1
32	12	0	0
32	34	0	1
32	34	0	1
32	56	1	1
32	56	0	0
33	56	0	1
33	12	0	1
33	12	0	0
33	56	0	1
33	12	0	0
33	12	1	1
33	56	0	0
33	34	1	0
33	34	1	1
33	34	1	0
33	56	0	0
33	56	0	0
33	56	1	1
33	34	1	1
33	34	1	1
33	12	1	1
33	34	1	0
33	34	0	0
33	12	1	1
33	34	1	1
33	12	1	1
33	12	0	0
33	56	0	0
33	34	0	0
33	12	1	1
33	56	0	0
33	34	1	0
33	56	1	0
33	34	0	1
33	12	0	1
33	34	1	1
33	34	1	1
33	12	1	1
33	56	1	1
33	34	1	1
33	56	0	0
33	12	0	0
33	34	0	0
33	12	1	1
33	34	0	0
33	34	1	1
33	12	0	0
33	12	0	1
33	56	0	0
33	34	0	0
33	12	0	0
33	12	1	0
33	34	0	0
33	12	0	0
33	34	1	1
33	34	1	1
33	56	0	0
33	12	1	1
33	56	0	0
33	12	1	1
33	34	0	0
33	56	1	0
33	12	1	1
33	12	1	1
33	12	1	0
33	56	0	1
33	12	1	0
33	34	1	1
33	12	1	1
33	34	1	1
33	56	0	1
33	12	0	0
33	12	0	0
33	12	0	0
33	34	1	0
33	56	1	1
33	12	1	1
33	12	0	1
33	56	1	1
33	56	1	0
33	56	1	1
33	34	0	0
33	34	1	1
33	34	0	0
33	34	1	1
33	12	1	1
33	34	0	0
33	12	0	1
33	56	1	0
33	12	1	0
33	12	0	0
33	56	1	1
33	34	1	0
33	56	1	1
33	56	1	1
33	56	1	1
33	34	0	0
33	12	1	1
33	56	1	1
33	34	0	0
33	34	1	0
33	12	1	0
33	12	1	0
33	34	1	1
33	56	1	1
34	34	0	1
34	34	1	0
34	12	0	0
34	56	0	0
34	34	0	1
34	34	1	1
34	56	0	0
34	12	0	1
34	56	0	0
34	56	0	0
34	56	0	0
34	56	1	0
34	34	0	0
34	12	1	1
34	34	1	1
34	34	0	1
34	34	0	0
34	34	0	0
34	56	0	1
34	34	0	0
34	34	0	0
34	12	1	1
34	34	1	1
34	34	0	0
34	34	1	0
34	34	1	0
34	56	0	0
34	56	1	1
34	34	1	0
34	12	0	0
34	56	1	1
34	56	1	1
34	56	1	1
34	34	1	1
34	56	1	1
34	12	1	1
34	56	0	1
34	12	1	1
34	56	1	1
34	56	1	0
34	56	0	0
34	56	1	1
34	56	1	1
34	12	0	0
34	12	0	1
34	56	0	0
34	12	1	1
34	56	0	0
34	12	0	0
34	34	1	0
34	56	0	1
34	12	1	0
34	34	0	0
34	34	0	1
34	12	0	0
34	34	0	0
34	12	0	1
34	56	0	1
34	56	0	0
34	34	1	1
34	12	1	1
34	34	0	0
34	12	0	1
34	34	0	0
34	56	1	1
34	12	1	1
34	56	1	1
34	12	1	1
34	56	1	1
34	56	1	1
34	12	0	0
34	56	0	0
34	56	1	1
34	56	1	1
34	56	0	0
34	12	1	1
34	34	1	1
34	56	1	1
34	34	1	0
34	12	0	0
34	34	0	0
34	12	1	0
34	56	0	1
34	56	0	0
34	12	1	1
34	34	0	0
34	56	1	1
34	34	1	0
34	56	0	1
34	56	1	1
34	56	1	1
34	12	0	0
34	12	1	1
34	12	1	1
34	12	1	0
34	12	1	1
34	12	0	0
34	56	1	0
34	56	0	0
34	12	1	1
35	12	1	1
35	34	1	1
35	12	0	0
35	34	1	0
35	12	1	1
35	56	0	0
35	56	0	1
35	12	0	0
35	12	1	1
35	34	1	1
35	12	0	0
35	56	1	1
35	56	1	1
35	34	1	0
35	34	1	1
35	34	0	1
35	34	0	0
35	12	0	0
35	34	1	0
35	56	0	0
35	56	0	0
35	12	1	1
35	12	0	0
35	56	0	1
35	12	0	0
35	56	0	0
35	56	0	0
35	56	0	0
35	12	1	1
35	56	1	0
35	12	0	0
35	34	0	0
35	12	1	1
35	34	0	0
35	12	1	1
35	56	0	1
35	12	1	1
35	34	0	1
35	34	0	0
35	56	0	0
35	34	0	1
35	12	1	1
35	56	0	0
35	34	0	1
35	34	1	1
35	56	1	0
35	12	1	0
35	56	1	1
35	34	1	1
35	12	0	0
35	12	1	1
35	34	0	0
35	56	0	1
35	34	0	1
35	56	0	0
35	34	0	0
35	56	0	0
35	56	0	1
35	56	1	1
35	12	1	1
35	12	0	1
35	34	1	1
35	56	0	1
35	34	1	1
35	56	0	1
35	34	0	0
35	12	1	1
35	56	0	1
35	56	1	0
35	34	1	1
35	34	1	0
35	56	1	0
35	12	1	1
35	56	0	1
35	12	0	0
35	12	1	1
35	12	0	0
35	56	1	0
35	34	1	0
35	56	1	1
35	34	0	0
35	56	0	1
35	34	1	0
35	56	0	1
35	12	0	0
35	12	1	1
35	34	1	1
35	12	1	1
35	12	1	1
35	56	1	1
35	56	0	0
35	12	0	0
35	34	0	0
35	12	1	0
36	56	1	1
36	34	1	1
36	56	1	0
36	56	0	0
36	34	0	0
36	56	0	0
36	34	0	1
36	12	0	0
36	56	1	1
36	12	0	0
36	56	0	0
36	34	1	1
36	34	1	1
36	56	1	1
36	12	1	1
36	12	1	0
36	34	1	1
36	34	1	1
36	12	1	1
36	12	0	0
36	56	1	1
36	12	1	1
36	56	0	0
36	34	0	0
36	56	0	0
36	56	1	0
36	56	1	1
36	12	1	1
36	34	0	0
36	34	1	1
36	34	1	1
36	12	1	1
36	34	1	1
36	56	0	0
36	12	1	0
36	56	1	0
36	12	1	1
36	56	1	1
36	12	1	0
36	12	1	0
36	34	1	1
36	12	1	1
36	34	0	0
36	56	0	0
36	56	0	0
36	12	0	0
36	12	1	0
36	12	0	0
36	34	0	1
36	12	1	1
36	56	0	1
36	34	1	1
36	34	0	0
36	34	0	0
36	34	0	1
36	34	0	0
36	34	0	1
36	34	0	0
36	12	0	0
36	12	1	1
36	34	0	0
36	12	1	1
36	34	1	1
36	56	0	0
36	12	0	1
36	12	0	0
36	56	1	0
36	34	1	1
36	56	1	1
36	12	0	0
36	56	0	1
36	56	0	1
36	34	1	0
36	56	0	1
36	12	1	0
36	56	0	0
36	56	0	0
36	34	0	1
36	12	1	0
36	12	1	1
36	34	0	0
36	12	0	1
36	34	0	0
36	56	1	1
36	34	0	0
36	34	1	1
36	12	1	1
36	12	0	0
36	34	1	1
36	12	0	0
36	12	0	0
36	56	0	0
36	34	0	0
36	56	1	0
36	56	0	0
37	56	1	0
37	12	0	0
37	12	0	0
37	12	0	0
37	56	1	1
37	34	0	0
37	34	1	1
37	12	0	0
37	34	0	0
37	12	0	0
37	56	0	0
37	12	0	1
37	56	0	0
37	34	0	1
37	12	1	1
37	56	0	1
37	12	1	1
37	12	1	1
37	34	1	0
37	12	1	1
37	56	0	0
37	56	0	1
37	12	0	0
37	12	1	1
37	56	0	1
37	34	0	1
37	12	0	0
37	56	0	0
37	56	0	0
37	56	1	1
37	34	0	0
37	12	1	1
37	12	1	1
37	56	0	1
37	12	1	1
37	34	0	1
37	56	1	1
37	12	1	1
37	12	0	0
37	34	1	1
37	56	1	1
37	56	1	1
37	34	1	1
37	12	0	0
37	12	0	0
37	56	0	0
37	56	0	1
37	12	1	1
37	12	1	1
37	12	1	1
37	12	1	1
37	56	1	1
37	56	0	0
37	12	0	0
37	12	1	1
37	12	1	1
37	56	0	1
37	12	0	0
37	34	0	0
37	12	0	0
37	12	1	1
37	34	0	1
37	12	0	0
37	56	0	0
37	56	1	0
37	56	1	0
37	34	1	0
37	56	0	0
37	12	1	1
37	12	1	1
37	56	1	1
37	56	1	1
37	34	1	1
37	34	1	1
37	34	0	1
37	56	0	1
37	12	1	0
37	34	1	1
37	56	0	1
37	56	0	0
37	12	0	0
37	12	0	0
37	34	1	0
37	34	1	1
37	34	1	1
37	34	1	0
37	56	1	1
37	34	1	0
37	56	1	0
37	56	1	1
37	12	1	1
37	34	0	0
37	12	1	1
37	12	0	1
37	34	0	1
37	56	1	1
37	34	1	0
37	34	1	1
37	34	0	0
37	34	0	0
37	12	1	1
37	56	1	1
38	12	0	0
38	56	0	0
38	34	0	0
38	12	0	0
38	34	1	1
38	12	1	0
38	56	0	1
38	56	1	0
38	34	0	0
38	34	1	1
38	34	0	0
38	12	1	0
38	12	1	1
38	34	1	1
38	12	0	0
38	34	0	0
38	56	1	1
38	12	1	0
38	12	0	0
38	34	0	0
38	56	1	1
38	12	1	1
38	12	0	0
38	56	0	1
38	34	0	0
38	56	1	1
38	12	0	0
38	34	0	0
38	34	1	1
38	12	0	0
38	56	1	1
38	56	0	1
38	34	1	1
38	56	0	0
38	56	1	1
38	56	1	1
38	56	1	1
38	56	1	0
38	56	0	0
38	12	1	1
38	56	0	1
38	34	0	0
38	56	0	0
38	12	1	1
38	56	1	1
38	12	1	1
38	56	0	0
38	34	1	1
38	12	1	1
38	56	0	1
38	12	1	0
38	34	1	1
38	56	1	0
38	56	0	0
38	56	1	1
38	56	1	0
38	56	1	0
38	56	1	1
38	12	1	1
38	12	1	1
38	34	1	1
38	12	0	0
38	12	1	1
38	34	1	1
38	56	0	0
38	34	0	1
38	12	1	0
38	12	0	0
38	12	1	1
38	34	0	1
38	34	1	1
38	56	1	1
38	56	0	1
38	12	0	0
38	56	0	0
38	56	0	0
38	34	0	0
38	56	1	1
38	56	0	0
38	56	1	1
38	12	0	0
38	12	1	1
38	56	1	0
38	34	1	1
38	34	1	0
38	12	1	1
38	56	0	1
38	34	0	0
38	34	1	1
38	56	0	1
38	34	0	0
38	56	1	0
38	56	0	1
38	56	1	1
38	34	1	0
38	12	1	1
38	56	0	0
38	12	1	1
38	12	0	0
38	34	0	0
38	12	1	1
38	56	1	1
38	12	1	1
39	34	1	1
39	12	1	1
39	34	1	1
39	12	1	1
39	56	0	0
39	12	0	0
39	56	0	1
39	12	1	1
39	56	1	1
39	34	0	1
39	12	1	1
39	34	1	1
39	34	1	1
39	34	1	1
39	56	1	1
39	34	0	0
39	56	1	1
39	56	1	1
39	34	0	0
39	12	1	1
39	56	0	1
39	34	1	1
39	12	1	1
39	34	1	1
39	34	1	1
39	56	0	1
39	12	1	1
39	56	1	1
39	56	1	1
39	12	1	0
39	34	0	0
39	12	0	0
39	12	0	0
39	56	0	1
39	12	0	0
39	12	0	0
39	34	0	0
39	56	0	1
39	34	1	1
39	56	1	1
39	34	0	1
39	12	1	1
39	34	1	1
39	12	1	1
39	12	1	1
39	12	1	0
39	12	0	0
39	12	1	0
39	56	0	0
39	34	0	1
39	34	1	1
39	34	1	0
39	34	1	1
39	12	0	1
39	12	0	0
39	34	1	1
39	12	0	0
39	34	1	1
39	12	1	1
39	34	1	0
39	12	1	1
39	12	1	1
39	12	0	0
39	12	0	0
39	12	1	0
39	34	1	0
39	12	1	1
39	34	0	1
39	56	0	0
39	56	0	0
39	12	0	0
39	56	1	1
39	12	1	1
39	56	0	0
39	34	0	1
39	12	0	1
39	56	0	1
39	34	1	1
39	12	1	1
39	56	0	0
39	34	0	1
39	34	1	1
39	34	1	1
39	56	0	0
39	56	0	0
39	12	0	0
39	34	1	1
40	56	0	0
40	56	1	1
40	12	0	0
40	34	0	0
40	34	1	1
40	34	1	1
40	12	0	0
40	56	0	1
40	34	0	0
40	34	0	0
40	56	0	0
40	12	1	1
40	34	0	0
40	56	1	0
40	12	1	1
40	12	1	0
40	34	1	1
40	56	1	0
40	12	1	0
40	34	0	0
40	12	0	0
40	12	1	1
40	34	1	0
40	34	0	1
40	34	0	0
40	56	1	0
40	34	1	0
40	12	0	0
40	34	1	0
40	12	1	1
40	56	1	1
40	12	1	1
40	56	1	0
40	12	1	1
40	34	1	1
40	34	0	0
40	12	1	1
40	56	1	0
40	12	0	0
40	12	0	0
40	34	1	1
40	12	0	0
40	12	0	1
40	56	1	0
40	12	1	1
40	12	0	0
40	56	0	0
40	12	1	0
40	12	1	1
40	34	1	1
40	34	1	1
40	56	1	1
40	34	1	1
40	12	0	0
40	56	0	1
40	34	0	0
40	56	0	0
40	56	1	1
40	34	0	0
40	56	0	0
40	56	0	0
40	56	0	0
40	12	0	0
40	12	1	0
40	12	1	1
40	56	0	0
40	12	0	0
40	34	1	1
40	34	1	1
40	12	1	1
40	56	0	0
40	56	1	1
40	12	1	1
40	34	0	1
40	34	1	1
40	56	0	0
40	56	1	1
40	34	0	1
40	12	0	0
40	56	1	0
40	12	1	1
40	12	1	0
40	34	1	1
40	12	1	0
40	12	1	1
40	34	1	1
40	34	0	0
40	56	1	0
40	12	0	0
40	56	0	1
40	34	1	1
40	12	1	1
41	56	0	1
41	34	1	1
41	56	0	0
41	56	0	0
41	12	1	1
41	34	0	1
41	34	0	0
41	34	1	1
41	34	1	1
41	34	1	0
41	12	1	1
41	12	0	0
41	12	0	1
41	56	0	0
41	34	1	0
41	56	0	0
41	12	0	0
41	56	1	1
41	56	1	1
41	12	1	1
41	12	0	0
41	56	0	0
41	34	1	1
41	12	1	1
41	34	0	1
41	34	0	0
41	12	1	1
41	12	0	1
41	12	0	0
41	56	0	1
41	34	1	0
41	12	0	0
41	56	0	0
41	34	0	1
41	34	1	0
41	12	1	1
41	12	1	1
41	12	1	0
41	34	1	1
41	12	1	1
41	34	1	1
41	12	0	0
41	34	1	0
41	12	1	1
41	56	1	0
41	56	0	1
41	56	0	1
41	12	1	1
41	12	0	1
41	56	1	0
41	56	0	1
41	12	0	0
41	34	1	1
41	34	1	0
41	56	1	1
41	12	0	1
41	56	1	1
41	12	1	1
41	34	1	1
41	12	1	1
41	56	1	0
41	12	1	1
41	12	0	0
41	56	1	1
41	12	1	1
41	12	0	0
41	12	1	1
41	34	0	0
41	34	1	1
41	12	0	1
41	34	0	0
41	56	0	1
41	56	0	0
41	56	0	0
41	34	0	0
41	12	0	0
41	56	1	1
41	34	0	0
41	56	0	0
41	34	1	1
41	34	0	0
41	56	0	0
41	12	0	1
41	12	1	1
41	56	0	1
41	34	1	1
41	56	0	0
41	56	1	0
41	34	0	0
41	12	0	0
41	56	0	0
41	12	0	0
41	12	1	0
41	34	0	1
41	12	0	0
41	12	1	1
41	34	0	0
41	56	1	1
41	34	0	0
41	56	1	1
41	56	0	1
41	56	0	1
42	34	1	1
42	34	1	1
42	12	0	0
42	12	1	1
42	12	1	0
42	34	0	1
42	12	0	0
42	56	0	0
42	34	0	1
42	34	1	1
42	34	1	0
42	56	1	1
42	34	0	0
42	34	0	1
42	12	1	1
42	12	0	0
42	56	0	0
42	56	0	1
42	12	0	0
42	56	0	1
42	12	1	1
42	56	0	0
42	34	0	0
42	34	1	1
42	12	1	0
42	56	0	0
42	34	1	1
42	56	1	1
42	12	1	1
42	34	1	0
42	34	1	1
42	12	1	1
42	34	1	1
42	56	0	0
42	12	1	0
42	34	0	0
42	56	0	0
42	34	0	0
42	34	0	1
42	12	1	0
42	56	1	1
42	12	0	0
42	34	0	0
42	34	0	0
42	12	0	0
42	34	0	0
42	12	1	1
42	12	1	1
42	34	0	0
42	56	1	1
42	34	0	0
42	12	0	0
42	34	0	0
42	34	1	1
42	56	0	0
42	56	1	1
42	12	0	0
42	56	0	0
42	34	1	1
42	34	0	0
42	12	1	1
42	12	1	1
42	12	0	0
42	56	0	1
42	56	0	0
42	34	1	0
42	34	0	0
42	56	1	1
42	34	1	0
42	34	1	1
42	12	0	0
42	12	1	1
42	56	1	0
42	56	0	0
42	34	1	1
42	56	0	0
42	34	0	1
42	12	1	1
42	34	1	1
42	56	0	1
42	34	0	0
42	12	0	0
42	12	1	1
42	34	0	0
42	34	1	1
42	12	0	0
42	56	1	0
42	56	0	0
42	12	0	1
42	12	0	1
42	34	1	1
42	34	0	0
42	12	0	0
42	12	0	0
42	56	1	1
42	34	1	1
42	56	1	1
42	56	0	1
42	12	0	0
42	12	0	0
42	12	0	1
42	34	1	1
43	56	1	1
43	12	1	1
43	34	1	1
43	56	1	0
43	34	0	0
43	34	1	0
43	56	0	0
43	12	1	1
43	12	1	1
43	56	1	1
43	56	1	1
43	56	0	1
43	56	1	1
43	34	1	1
43	34	0	1
43	56	0	0
43	12	1	1
43	12	1	1
43	56	1	0
43	12	0	0
43	34	1	0
43	34	0	0
43	56	1	1
43	56	1	0
43	56	1	0
43	34	0	0
43	12	0	0
43	56	1	1
43	34	1	0
43	34	1	0
43	56	1	1
43	12	1	1
43	12	0	0
43	56	0	0
43	12	1	1
43	12	0	0
43	34	1	1
43	34	1	1
43	12	0	0
43	34	0	1
43	12	1	1
43	12	0	0
43	56	1	1
43	12	0	1
43	56	1	0
43	12	0	0
43	56	1	0
43	56	1	1
43	56	0	1
43	34	0	0
43	56	1	1
43	34	1	1
43	12	1	1
43	56	0	0
43	34	0	0
43	34	0	0
43	56	1	1
43	34	1	1
43	56	1	1
43	56	1	1
43	12	1	1
43	56	0	0
43	56	0	1
43	34	1	0
43	12	0	0
43	56	0	1
43	56	0	0
43	12	1	1
43	56	1	0
43	12	1	1
43	34	0	0
43	56	0	1
43	56	0	0
43	12	0	0
43	34	1	0
43	34	0	0
43	34	1	1
43	12	1	1
43	34	0	0
43	56	1	1
43	34	1	0
43	56	1	0
43	56	1	1
43	12	0	0
43	34	0	0
43	34	1	1
43	12	1	1
43	34	0	1
43	12	0	0
43	56	0	1
43	12	0	0
43	12	1	1
43	56	0	1
43	12	0	0
43	12	0	0
44	56	0	0
44	34	0	0
44	34	0	0
44	56	0	1
44	34	0	0
44	56	1	0
44	34	0	1
44	56	0	1
44	34	0	0
44	34	0	0
44	34	0	0
44	34	1	0
44	56	0	1
44	34	1	1
44	56	1	0
44	12	0	0
44	12	1	1
44	34	1	1
44	34	0	0
44	56	0	0
44	12	1	1
44	12	0	0
44	12	1	1
44	56	1	0
44	34	1	1
44	34	0	0
44	12	1	1
44	56	1	1
44	34	0	0
44	34	1	1
44	12	1	1
44	56	0	0
44	34	0	0
44	12	0	1
44	56	0	0
44	34	1	0
44	12	0	0
44	12	0	0
44	56	1	0
44	56	1	1
44	34	0	0
44	56	0	0
44	34	0	0
44	34	0	0
44	12	1	1
44	12	1	1
44	56	1	1
44	12	1	1
44	34	1	1
44	34	1	1
44	56	1	0
44	56	0	0
44	12	1	1
44	34	1	1
44	34	1	1
44	56	0	0
44	56	0	1
44	56	0	0
44	12	0	1
44	56	0	0
44	34	0	1
44	34	1	0
44	34	1	1
44	34	0	1
44	56	1	1
44	12	1	1
44	12	1	1
44	56	0	0
44	34	1	1
44	34	1	1
44	34	1	0
44	12	0	0
44	34	1	1
44	56	1	0
44	12	1	0
44	12	0	0
44	56	1	0
44	56	1	1
44	12	1	1
44	34	0	1
44	12	1	1
44	34	0	0
44	56	1	0
44	56	0	0
44	34	1	0
44	56	1	0
44	34	1	1
44	12	0	0
44	34	1	1
44	12	0	1
44	12	0	0
44	12	0	0
44	12	1	1
44	34	1	1
44	56	1	1
44	12	1	1
44	56	0	0
44	34	0	0
44	34	0	0
44	12	1	1
45	56	0	1
45	56	1	1
45	12	1	0
45	56	0	1
45	12	1	1
45	12	0	0
45	12	1	1
45	12	1	1
45	34	1	0
45	12	1	1
45	34	0	0
45	34	0	0
45	12	0	0
45	12	0	1
45	12	0	0
45	12	0	0
45	56	0	1
45	34	0	1
45	34	1	0
45	12	0	0
45	34	1	1
45	34	1	1
45	12	0	0
45	34	0	0
45	56	1	1
45	12	1	0
45	56	0	0
45	56	0	0
45	12	0	0
45	12	0	0
45	56	1	1
45	34	1	0
45	56	0	1
45	34	0	0
45	56	0	0
45	56	1	0
45	56	0	1
45	12	0	0
45	34	1	1
45	12	1	1
45	12	0	1
45	12	1	1
45	34	0	0
45	56	0	1
45	12	0	0
45	34	1	0
45	34	0	0
45	56	0	1
45	56	1	0
45	34	1	0
45	34	1	1
45	12	0	0
45	12	0	0
45	34	0	1
45	34	1	1
45	34	0	1
45	34	1	1
45	12	0	0
45	34	1	1
45	56	0	0
45	34	0	0
45	34	0	0
45	34	1	0
45	56	1	1
45	12	1	1
45	56	1	0
45	34	1	1
45	12	0	0
45	34	0	0
45	56	0	0
45	12	0	0
45	12	1	1
45	56	0	1
45	56	0	0
45	12	1	1
45	12	1	1
45	12	1	1
45	12	0	0
45	34	0	0
45	12	0	0
45	56	0	0
45	56	0	1
45	12	1	1
45	34	1	1
45	12	1	1
45	34	1	1
45	56	1	0
45	34	0	0
45	34	1	1
45	56	0	1
45	12	0	0
45	34	1	1
45	12	0	0
45	56	1	1
45	56	1	0
45	12	1	1
45	56	1	0
45	56	1	0
45	56	1	1
46	34	0	1
46	34	0	0
46	12	1	0
46	12	1	1
46	34	1	0
46	12	0	0
46	34	0	0
46	34	0	0
46	56	0	0
46	56	0	0
46	12	1	0
46	56	1	1
46	12	0	0
46	34	1	1
46	56	1	1
46	34	0	0
46	56	0	1
46	34	1	1
46	56	1	0
46	56	0	0
46	34	0	0
46	56	0	1
46	56	0	1
46	12	0	0
46	34	0	0
46	56	0	0
46	56	0	0
46	12	1	1
46	34	0	1
46	56	0	1
46	56	0	0
46	34	1	0
46	56	0	0
46	34	0	0
46	12	0	0
46	12	0	0
46	12	1	1
46	34	0	0
46	12	0	0
46	12	1	1
46	12	1	0
46	12	0	0
46	34	1	1
46	34	0	0
46	34	0	0
46	56	1	1
46	56	1	1
46	56	1	0
46	34	1	1
46	34	0	0
46	56	0	1
46	12	1	1
46	12	1	1
46	12	1	1
46	12	1	1
46	56	0	1
46	56	1	0
46	56	1	0
46	56	1	0
46	12	1	0
46	56	0	1
46	34	0	1
46	12	1	1
46	34	1	1
46	12	0	1
46	56	0	0
46	56	0	0
46	34	0	1
46	56	1	0
46	56	1	1
46	34	1	1
46	56	1	1
46	12	1	1
46	12	0	0
46	12	0	0
46	34	1	1
46	34	1	1
46	56	0	0
46	12	0	0
46	34	0	0
46	12	0	1
46	34	1	1
46	12	0	0
46	12	1	1
46	34	0	0
46	34	0	1
46	34	1	1
46	12	0	0
46	34	0	0
46	34	0	0
47	56	1	1
47	12	1	1
47	34	1	1
47	56	1	1
47	56	0	1
47	12	0	1
47	56	0	0
47	34	0	0
47	34	1	0
47	56	1	1
47	34	0	0
47	56	0	1
47	12	1	1
47	12	0	0
47	12	1	1
47	34	1	1
47	56	1	1
47	12	1	1
47	34	0	0
47	56	1	0
47	56	1	1
47	12	0	0
47	34	0	0
47	56	1	1
47	56	1	1
47	34	0	1
47	34	1	0
47	34	1	1
47	56	0	0
47	34	1	1
47	56	1	1
47	12	1	1
47	56	0	0
47	34	0	0
47	56	0	1
47	56	0	0
47	34	0	0
47	56	1	1
47	12	1	1
47	56	0	0
47	34	0	0
47	34	0	0
47	56	1	1
47	56	0	1
47	12	1	1
47	34	1	0
47	12	0	0
47	34	0	1
47	34	1	1
47	34	0	0
47	56	0	0
47	34	0	1
47	12	0	0
47	12	1	1
47	12	1	1
47	12	0	0
47	34	1	1
47	12	1	1
47	12	1	1
47	12	1	1
47	34	1	1
47	56	0	1
47	56	1	1
47	56	1	1
47	34	1	1
47	12	0	1
47	56	0	0
47	34	1	1
47	56	1	1
47	34	0	0
47	12	0	0
47	34	0	0
47	34	0	0
47	34	1	1
47	34	0	0
47	56	0	0
47	34	1	1
47	34	1	1
47	12	1	1
47	34	1	1
47	12	0	0
47	34	1	1
47	34	1	1
47	34	1	0
47	56	1	0
47	56	0	0
47	56	1	1
47	12	1	1
47	34	1	1
47	56	0	1
47	12	1	1
47	12	1	1
47	12	1	1
47	56	0	0
47	34	1	1
47	12	0	1
47	12	0	0
47	12	1	1
47	56	0	0
47	12	0	0
47	34	1	1
47	56	1	0
47	34	1	1
48	34	0	0
48	56	0	1
48	12	1	1
48	12	1	1
48	12	1	1
48	34	0	0
48	34	1	1
48	34	1	0
48	34	0	0
48	12	1	0
48	12	1	1
48	12	1	1
48	34	1	1
48	56	1	0
48	56	1	1
48	12	1	0
48	12	1	0
48	34	0	0
48	56	0	0
48	12	1	1
48	12	0	1
48	56	0	1
48	56	1	1
48	12	0	0
48	12	1	0
48	56	1	1
48	12	0	1
48	34	1	1
48	56	1	1
48	56	0	1
48	56	1	1
48	56	0	0
48	12	1	0
48	12	0	0
48	56	1	0
48	34	0	0
48	12	0	0
48	12	0	0
48	56	0	0
48	12	0	0
48	34	0	0
48	12	0	0
48	34	0	0
48	56	1	0
48	12	0	0
48	56	0	0
48	56	1	0
48	56	1	1
48	56	0	0
48	34	0	1
48	12	0	0
48	34	1	0
48	34	1	1
48	56	0	0
48	34	0	1
48	12	0	0
48	12	0	0
48	34	1	0
48	34	1	1
48	12	1	1
48	34	1	0
48	12	1	1
48	34	1	1
48	56	1	1
48	56	1	1
48	56	1	1
48	56	0	1
48	56	1	0
48	56	0	0
48	12	1	1
48	12	1	1
48	12	0	0
48	34	0	1
48	12	0	0
48	34	1	1
48	56	1	1
48	12	1	1
48	56	1	1
48	34	1	0
48	34	0	0
48	34	1	0
48	34	1	1
48	12	1	1
48	56	0	1
48	34	1	1
48	34	1	1
48	34	1	1
48	56	0	0
48	12	1	0
48	34	1	1
48	56	1	1
48	12	0	0
48	56	0	1
48	12	0	0
48	12	1	1
48	34	0	0
48	34	1	1
48	12	1	1
48	34	1	0
48	12	1	1
48	56	0	1
48	12	0	0
48	56	1	0
49	12	0	0
49	34	1	1
49	56	1	0
49	34	0	0
49	56	1	0
49	12	0	0
49	56	1	1
49	56	1	1
49	34	1	1
49	12	1	0
49	34	0	0
49	12	0	0
49	12	0	0
49	56	1	0
49	12	1	1
49	34	1	1
49	12	0	1
49	56	1	1
49	12	1	1
49	12	1	1
49	34	0	0
49	12	0	0
49	34	1	0
49	56	1	0
49	34	1	0
49	56	1	1
49	34	0	0
49	34	1	0
49	12	1	1
49	12	1	1
49	56	0	0
49	12	1	1
49	34	0	0
49	56	0	1
49	34	0	0
49	12	1	1
49	12	0	0
49	12	0	0
49	12	1	1
49	34	0	1
49	12	0	1
49	56	1	0
49	12	1	1
49	34	0	0
49	34	1	1
49	12	1	1
49	12	1	1
49	56	0	1
49	56	0	1
49	56	1	1
49	56	1	1
49	12	1	0
49	12	1	1
49	56	0	0
49	12	1	1
49	56	1	1
49	56	0	0
49	12	0	1
49	56	1	1
49	12	0	0
49	12	0	0
49	12	0	0
50	12	1	1
50	34	1	0
50	34	0	1
50	56	0	0
50	56	1	1
50	56	0	1
50	34	1	1
50	56	0	0
50	12	0	0
50	56	0	0
50	34	0	0
50	12	1	1
50	34	1	1
50	56	1	0
50	34	0	0
50	12	1	0
50	34	0	0
50	12	0	0
50	56	1	1
50	34	0	1
50	34	1	1
50	34	1	1
50	12	1	0
50	56	1	0
50	56	1	1
50	56	0	1
50	12	1	0
50	34	0	0
50	12	1	0
50	12	0	0
50	12	1	1
50	12	1	1
50	34	1	1
50	12	0	0
50	34	0	1
50	12	1	1
50	56	1	1
50	12	0	1
50	12	0	1
50	34	1	0
50	56	1	0
50	34	1	0
50	12	1	1
50	12	1	1
50	12	1	1
50	12	1	1
50	34	1	1
50	12	1	0
50	56	1	0
50	56	1	0
50	12	0	0
50	12	1	1
50	12	0	0
50	56	0	1
50	56	0	0
50	56	0	1
50	34	1	1
50	34	0	0
50	34	1	0
50	56	1	0
50	56	1	1
50	34	1	1
50	34	1	0
50	34	1	1
50	34	0	0
50	34	0	0
50	12	1	0
50	34	0	0
50	56	1	0
50	56	1	0
50	12	0	0
50	34	1	0
50	12	1	1
50	12	1	1
50	56	0	1
50	12	0	0
50	12	0	0
50	12	1	0
50	12	0	0
50	12	0	0
50	56	0	0
50	34	1	0
50	56	1	1
50	34	1	1
50	56	0	0
50	56	1	0
50	12	0	0
50	56	1	0
50	34	0	0
50	12	0	0
50	12	0	0
50	56	1	0
50	56	0	0
50	56	0	0
50	34	1	0
50	34	0	0
50	12	1	1
50	34	0	1
50	34	1	1
50	12	0	0
50	12	1	1
50	12	0	0
50	34	1	1
51	12	1	1
51	56	1	0
51	56	0	0
51	12	0	1
51	34	0	1
51	56	0	1
51	34	1	1
51	12	1	1
51	12	1	1
51	56	0	1
51	56	1	1
51	12	1	1
51	56	1	0
51	12	0	0
51	34	1	0
51	56	0	1
51	34	1	0
51	56	1	1
51	56	1	1
51	56	0	0
51	56	0	0
51	56	0	0
51	34	0	0
51	12	0	1
51	12	1	1
51	34	1	0
51	34	1	0
51	34	0	1
51	34	1	1
51	12	0	0
51	56	0	0
51	56	0	0
51	56	1	0
51	12	0	0
51	12	0	0
51	12	1	1
51	34	1	1
51	12	0	0
51	34	1	1
51	12	1	1
51	56	1	1
51	34	0	1
51	12	1	1
51	34	1	0
51	56	0	0
51	12	0	1
51	34	1	1
51	34	0	0
51	34	0	0
51	34	1	1
51	56	1	1
51	56	1	1
51	12	1	1
51	56	1	0
51	34	0	1
51	56	1	1
51	12	1	1
51	34	0	0
51	56	0	0
51	12	0	1
51	12	0	0
51	12	0	0
51	12	1	1
51	12	1	1
51	12	0	0
51	12	0	0
51	34	1	0
51	56	1	1
51	12	0	0
51	56	1	1
51	34	0	1
51	34	1	1
51	56	0	0
51	12	1	1
51	56	1	1
51	12	0	0
51	34	1	1
51	34	0	0
51	34	0	0
51	34	1	0
51	34	0	0
51	34	1	0
51	12	0	0
51	12	0	0
51	34	0	0
51	56	0	1
51	34	1	1
51	12	0	0
51	56	0	1
51	12	0	0
51	12	0	0
51	12	1	1
51	56	1	1
51	56	0	0
51	12	0	0
51	56	1	1
51	34	1	0
51	56	1	1
51	34	1	1
51	56	1	1
51	12	0	0
51	12	0	1
53	34	0	0
53	56	0	0
53	56	0	0
53	34	0	0
53	34	1	1
53	34	0	0
53	56	0	1
53	56	0	0
53	12	1	1
53	34	0	0
53	56	0	0
53	34	0	1
53	12	0	0
53	56	1	0
53	34	1	0
53	34	0	0
53	12	1	1
53	56	0	1
53	12	1	1
53	12	0	1
53	56	0	0
53	56	1	1
53	56	1	0
53	56	0	0
53	34	0	1
53	56	1	1
53	34	0	0
53	12	1	1
53	56	1	0
53	34	0	1
53	56	1	0
53	56	0	1
53	34	0	0
53	12	1	1
53	12	1	1
53	12	1	1
53	12	0	0
53	34	0	0
53	12	1	1
53	12	0	0
53	34	0	0
53	34	1	1
53	34	1	1
53	34	1	1
53	56	1	0
53	56	1	1
53	56	0	1
53	56	1	1
53	34	1	1
53	12	1	0
53	56	1	0
53	12	1	1
53	12	0	0
53	56	0	1
53	12	1	1
53	56	0	1
53	34	0	0
53	56	0	1
53	12	0	0
53	12	1	1
53	12	0	1
53	56	1	0
53	34	0	0
53	34	0	0
53	56	0	1
53	12	0	1
53	12	1	1
53	56	1	0
53	12	0	0
53	34	1	0
53	12	0	0
53	56	1	1
53	12	1	1
53	12	0	0
53	12	1	1
53	12	1	1
53	12	1	1
53	56	0	0
53	56	1	1
53	56	0	1
53	12	1	1
53	34	1	0
53	56	1	0
53	34	0	0
53	56	0	1
53	12	0	0
53	12	1	1
53	12	0	1
53	12	1	1
53	34	0	0
53	34	0	0
53	56	0	1
54	56	0	0
54	56	1	1
54	12	0	1
54	56	1	0
54	12	0	0
54	56	1	0
54	34	0	0
54	56	0	0
54	12	1	1
54	34	1	1
54	34	0	1
54	56	1	1
54	12	1	1
54	56	1	0
54	34	0	1
54	56	1	0
54	34	1	0
54	34	0	1
54	56	0	0
54	12	0	0
54	34	1	1
54	56	1	0
54	12	1	1
54	34	1	1
54	12	1	0
54	56	1	1
54	12	1	1
54	56	0	0
54	12	0	0
54	34	1	1
54	34	0	0
54	34	1	1
54	34	0	0
54	12	1	0
54	12	0	0
54	34	1	1
54	56	1	0
54	34	1	1
54	12	0	0
54	12	1	1
54	12	0	0
54	56	1	0
54	56	0	0
54	56	1	1
54	34	1	1
54	56	1	1
54	56	1	1
54	12	1	1
54	34	1	1
54	56	0	0
54	12	0	1
54	56	0	0
54	12	0	1
54	34	0	0
54	34	1	0
54	12	1	1
54	12	1	1
54	34	0	0
54	12	0	1
54	56	0	0
54	12	1	1
54	34	0	1
54	56	0	0
54	12	0	1
54	12	0	0
54	34	1	0
54	34	1	1
54	56	1	0
54	34	1	0
54	34	0	1
54	12	1	1
54	12	0	1
54	56	0	0
54	34	0	0
54	34	0	0
54	56	0	1
54	34	0	0
54	34	1	1
54	12	0	0
54	56	1	1
54	12	1	1
54	56	0	1
54	56	0	1
54	34	0	0
54	12	0	0
54	12	1	1
54	56	0	0
54	56	1	1
54	56	0	0
54	12	0	1
54	34	0	0
54	34	0	0
54	12	0	1
54	34	1	0
54	56	0	1
54	56	0	0
54	34	0	0
54	12	0	0
54	56	0	0
54	56	0	1
54	56	0	0
54	12	1	0
54	34	1	1
54	34	0	0
55	56	0	1
55	56	1	0
55	56	1	0
55	12	0	1
55	12	1	1
55	56	0	0
55	56	1	1
55	12	0	0
55	34	0	0
55	12	1	1
55	56	1	1
55	12	1	1
55	56	0	0
55	56	0	0
55	34	1	0
55	12	0	1
55	34	0	1
55	56	1	1
55	12	1	0
55	56	1	1
55	12	0	0
55	12	0	0
55	12	0	0
55	34	1	1
55	12	0	1
55	12	1	1
55	56	1	0
55	56	0	0
55	56	1	0
55	34	1	1
55	12	0	0
55	56	0	1
55	56	0	0
55	56	1	1
55	34	0	1
55	56	1	0
55	12	0	0
55	56	1	0
55	34	0	0
55	12	1	1
55	34	1	1
55	34	1	0
55	56	1	1
55	12	0	1
55	34	0	0
55	12	1	1
55	12	1	1
55	12	0	0
55	56	1	1
55	34	1	0
55	56	0	0
55	56	0	0
55	56	0	0
55	12	0	0
55	12	0	1
55	34	0	0
55	34	1	1
55	56	1	0
55	56	0	0
55	12	1	1
55	12	1	1
55	56	1	1
55	34	1	1
55	56	0	1
55	56	0	0
55	56	0	0
55	34	1	0
55	56	0	0
55	34	0	0
55	34	0	0
55	12	1	1
55	56	1	1
55	56	1	1
55	34	1	1
55	34	0	0
55	12	1	1
55	12	1	1
55	56	0	0
55	56	0	0
55	12	0	0
55	12	0	0
55	12	0	0
55	34	1	1
55	56	0	0
55	34	0	0
55	12	0	0
55	56	1	0
55	34	1	0
55	34	0	1
55	34	1	1
55	56	0	0
55	12	0	0
55	34	1	1
55	12	0	1
55	56	1	0
55	34	1	0
55	34	1	1
55	56	1	0
55	34	1	1
55	34	0	1
56	12	0	0
56	12	1	1
56	34	0	0
56	34	1	1
56	34	1	1
56	56	0	1
56	12	1	1
56	34	1	1
56	12	1	1
56	12	0	0
56	12	0	0
56	56	0	0
56	12	1	1
56	56	1	1
56	34	1	1
56	56	0	1
56	12	0	0
56	34	1	1
56	34	0	0
56	34	1	1
56	12	1	1
56	34	0	0
56	56	1	0
56	34	0	0
56	12	0	0
56	56	1	0
56	12	0	0
56	12	0	1
56	34	1	0
56	12	0	0
56	12	1	1
56	34	1	0
56	56	1	1
56	34	1	1
56	12	1	1
56	12	1	1
56	34	1	1
56	12	1	1
56	34	0	1
56	56	0	0
56	56	0	0
56	34	0	1
56	34	0	1
56	56	0	1
56	56	1	1
56	56	0	0
56	56	0	0
56	12	1	1
56	56	0	1
56	34	0	0
56	34	1	1
56	56	0	0
56	56	0	0
56	56	0	0
56	56	1	1
56	56	0	0
56	34	1	0
56	34	0	0
56	56	1	1
56	12	0	1
56	56	0	0
56	56	1	1
56	56	0	0
56	34	0	1
56	56	1	0
56	34	0	1
56	56	0	0
56	34	1	0
56	12	0	0
56	12	1	0
56	12	0	0
56	34	1	0
56	56	1	1
56	34	1	1
56	56	1	1
56	12	1	0
56	56	0	0
56	34	0	0
56	34	0	0
56	34	0	1
56	56	0	0
56	12	1	1
56	12	0	1
56	56	1	0
56	56	0	1
56	12	0	0
56	12	1	1
56	56	1	1
56	56	0	0
56	12	1	1
56	56	1	1
56	12	1	1
56	12	0	0
56	12	0	0
56	56	0	0
56	34	0	1
56	12	1	1
56	56	0	0
56	12	1	0
56	12	1	1
56	34	1	1
57	56	0	1
57	34	0	0
57	56	1	0
57	12	1	1
57	34	1	0
57	12	1	1
57	34	0	0
57	34	1	0
57	12	0	1
57	12	1	1
57	56	1	0
57	56	1	0
57	12	1	1
57	56	1	1
57	34	0	1
57	12	1	1
57	56	0	0
57	34	1	1
57	34	0	0
57	12	1	1
57	34	1	1
57	12	0	0
57	34	1	1
57	56	0	1
57	34	1	1
57	56	1	1
57	56	1	0
57	12	1	1
57	12	0	0
57	34	0	0
57	12	0	0
57	12	1	0
57	34	0	0
57	56	1	0
57	34	1	1
57	56	0	1
57	56	1	1
57	56	1	1
57	34	0	0
57	34	1	1
57	34	1	1
57	12	1	1
57	34	1	1
57	12	1	1
57	56	0	0
57	12	0	0
57	34	1	0
57	34	0	0
57	34	0	0
57	56	1	1
57	12	1	1
57	56	1	0
57	12	0	0
57	34	0	1
57	34	1	0
57	12	1	1
57	12	0	0
57	12	0	0
57	56	1	0
57	56	1	0
57	34	0	0
57	12	1	1
57	34	1	1
57	34	1	0
57	34	0	0
57	56	0	0
57	12	0	0
57	56	0	1
57	34	0	0
57	34	0	1
57	56	1	1
57	34	1	1
57	34	1	1
57	34	1	0
57	34	1	1
57	12	1	0
57	34	1	1
57	12	0	0
57	34	1	1
57	12	0	1
57	56	0	1
57	34	0	0
57	12	1	0
57	34	0	1
57	34	1	1
57	56	1	1
57	12	1	1
57	34	1	0
57	34	1	0
57	12	1	0
57	34	1	1
57	12	0	0
57	56	1	0
57	12	0	0
57	56	0	1
57	34	0	0
57	12	0	0
57	56	0	0
58	56	0	1
58	12	0	1
58	12	1	1
58	12	1	0
58	56	0	0
58	56	0	0
58	34	0	0
58	56	1	1
58	12	1	1
58	12	0	1
58	34	0	1
58	12	0	0
58	56	1	0
58	34	0	1
58	34	0	0
58	12	0	0
58	34	0	0
58	56	0	0
58	56	1	1
58	34	0	1
58	12	0	0
58	34	0	1
58	12	1	0
58	12	0	0
58	34	1	1
58	12	0	0
58	56	0	0
58	34	0	0
58	12	0	0
58	56	0	0
58	12	1	1
58	56	1	0
58	34	1	1
58	34	1	1
58	12	0	1
58	56	1	1
58	12	1	1
58	56	0	0
58	12	0	0
58	56	0	0
58	12	1	1
58	34	1	1
58	34	0	0
58	56	1	0
58	34	1	1
58	34	0	0
58	34	1	1
58	56	0	0
58	56	0	0
58	12	0	1
58	56	1	0
58	34	1	1
58	34	0	1
58	56	1	0
58	34	1	1
58	12	1	1
58	34	1	1
58	12	0	1
58	34	1	1
58	12	1	0
58	34	1	1
58	56	1	1
58	12	0	0
58	34	1	0
58	12	1	0
58	56	0	0
58	56	1	1
58	56	0	0
58	56	1	1
58	56	0	0
58	12	1	1
58	56	0	0
58	12	1	1
58	56	1	1
58	12	0	1
58	34	1	0
58	34	1	0
58	56	1	1
58	56	1	0
58	34	0	0
58	34	0	0
58	34	0	0
58	34	0	0
58	34	0	0
58	12	1	1
58	34	1	1
58	12	1	0
58	12	0	0
58	34	0	0
58	56	1	1
58	34	1	1
58	34	0	0
58	34	1	1
58	12	0	0
58	56	1	1
58	34	1	1
58	12	1	1
59	34	1	1
59	12	1	0
59	12	1	1
59	56	0	1
59	12	1	1
59	12	1	1
59	34	0	0
59	56	0	0
59	34	1	1
59	56	0	1
59	56	0	1
59	34	0	0
59	12	1	1
59	12	0	0
59	56	0	0
59	56	1	1
59	56	0	0
59	34	0	1
59	12	1	1
59	56	0	1
59	56	0	0
59	12	1	0
59	56	0	0
59	12	1	1
59	12	1	1
59	56	0	0
59	56	1	0
59	56	1	0
59	56	0	1
59	56	1	0
59	12	1	1
59	56	0	1
59	34	0	0
59	12	0	0
59	34	1	1
59	34	0	0
59	56	1	1
59	34	1	1
59	34	0	0
59	56	0	0
59	12	0	1
59	34	0	1
59	12	0	0
59	56	0	0
59	34	0	1
59	12	1	1
59	56	0	0
59	56	1	1
59	56	1	0
59	56	0	1
59	56	1	1
59	56	0	1
59	12	0	0
59	56	0	0
59	12	0	0
59	34	1	1
59	12	0	0
59	12	0	0
59	34	0	1
59	56	1	1
59	34	0	1
59	12	0	0
59	12	0	0
59	34	1	0
59	12	1	1
59	56	0	0
59	56	0	1
59	12	1	1
59	56	1	1
59	34	0	0
59	56	0	1
59	34	1	1
59	34	0	0
59	12	1	1
59	56	0	0
59	56	0	0
59	56	0	1
59	12	0	1
59	56	0	1
59	12	0	1
59	12	0	0
59	34	0	0
59	12	1	1
59	56	0	0
59	56	1	0
59	12	0	0
59	34	0	1
59	12	1	1
59	56	0	1
59	12	1	1
59	34	1	1
59	12	0	0
59	34	1	0
59	12	0	0
59	12	1	1
59	56	1	0
60	12	0	0
60	34	1	1
60	56	0	0
60	34	1	1
60	56	0	1
60	12	1	1
60	34	1	1
60	34	0	0
60	12	1	1
60	56	0	0
60	56	1	1
60	56	0	1
60	12	1	1
60	12	0	1
60	12	1	0
60	34	1	0
60	34	0	0
60	34	0	0
60	12	1	1
60	34	1	1
60	34	0	0
60	56	0	0
60	34	0	1
60	34	1	0
60	34	1	1
60	12	1	1
60	56	0	1
60	12	0	0
60	12	0	0
60	12	1	1
60	12	0	1
60	34	0	0
60	12	0	1
60	12	1	1
60	12	0	0
60	12	0	0
60	56	0	1
60	34	0	1
60	34	0	0
60	56	1	0
60	34	1	1
60	56	0	1
60	56	1	0
60	34	0	0
60	56	0	0
60	34	1	1
60	12	1	1
60	56	0	1
60	12	1	1
60	12	1	1
60	34	0	1
60	12	0	0
60	12	1	1
60	56	0	0
60	56	0	0
60	12	0	0
60	56	0	1
60	34	1	1
60	34	0	1
60	56	1	0
60	34	1	1
60	12	1	1
60	12	0	0
60	12	1	1
60	34	0	0
60	12	0	1
60	34	0	0
60	34	1	0
60	12	1	0
60	12	1	1
60	56	0	1
60	56	0	0
60	12	1	0
60	12	1	1
60	56	1	1
60	56	0	0
60	12	1	0
60	12	0	0
60	34	1	1
60	12	0	0
60	34	0	0
60	56	1	1
60	56	0	1
60	34	0	0
60	34	1	0
60	56	1	1
60	12	0	1
60	34	0	0
60	12	1	1
60	56	0	0
60	56	1	1
60	56	0	1
60	34	1	1
60	56	1	1
60	34	0	0
60	34	0	0
60	56	0	0
60	34	1	1
60	12	0	1
61	12	1	1
61	34	0	0
61	12	1	0
61	56	1	1
61	56	1	1
61	12	1	1
61	12	0	0
61	12	0	0
61	34	0	0
61	34	1	0
61	34	0	0
61	56	0	1
61	12	0	0
61	34	0	0
61	12	1	1
61	56	0	1
61	56	0	0
61	56	0	0
61	34	1	1
61	34	1	1
61	34	1	1
61	12	0	0
61	34	1	1
61	12	0	0
61	56	0	1
61	34	1	1
61	56	1	1
61	56	0	1
61	56	0	0
61	12	0	0
61	12	0	1
61	56	0	1
61	34	0	1
61	34	1	1
61	56	0	1
61	12	0	0
61	34	1	1
61	12	1	0
61	12	0	1
61	34	1	1
61	56	0	1
61	34	1	1
61	12	0	0
61	12	1	1
61	56	0	0
61	34	1	0
61	12	0	0
61	34	0	0
61	34	1	1
61	56	0	0
61	12	1	1
61	34	0	0
61	34	0	0
61	12	1	1
61	12	1	1
61	34	0	0
61	56	0	0
61	12	1	1
61	34	0	0
61	12	0	0
61	34	0	1
61	56	1	1
61	34	1	0
61	12	1	1
61	56	1	0
61	12	0	0
61	34	0	0
61	12	0	0
61	56	0	0
61	56	1	1
61	56	1	1
61	12	1	1
61	12	0	0
61	12	0	0
61	12	0	0
61	56	0	0
61	12	1	1
61	34	0	1
61	56	1	0
61	12	1	1
61	12	1	1
61	12	0	0
61	56	1	1
61	56	1	0
61	12	0	0
61	12	1	1
61	12	0	0
61	56	1	1
61	56	1	1
61	34	0	0
61	34	1	0
61	12	1	1
61	56	1	1
61	12	1	1
61	56	1	1
61	12	1	1
61	12	0	0
61	12	1	1
61	34	1	0
61	12	0	0
61	12	0	1
63	56	0	0
63	56	0	0
63	12	0	0
63	56	0	1
63	34	1	1
63	12	1	1
63	34	1	0
63	12	0	0
63	12	0	0
63	56	0	0
63	56	1	1
63	56	1	1
63	56	0	0
63	12	0	0
63	34	1	1
63	56	1	0
63	56	1	0
63	34	0	0
63	56	0	1
63	12	1	1
63	34	0	0
63	34	1	1
63	34	1	1
63	12	0	1
63	34	1	0
63	34	1	0
63	56	1	1
63	34	0	0
63	12	0	1
63	34	0	1
63	56	0	0
63	56	0	1
63	56	1	1
63	34	0	0
63	12	1	1
63	34	1	0
63	56	1	1
63	34	0	0
63	34	1	1
63	34	0	0
63	56	1	0
63	56	1	1
63	12	0	0
63	34	1	0
63	56	1	0
63	34	1	1
63	12	1	0
63	12	0	0
63	34	0	0
63	12	0	0
63	34	1	1
63	12	0	0
63	12	1	0
63	12	1	1
63	12	0	1
63	56	1	1
63	56	0	0
63	56	0	1
63	56	1	0
63	34	1	0
63	12	1	1
63	34	1	1
63	34	0	0
63	56	0	1
63	12	1	1
63	34	1	0
63	56	1	0
63	34	1	1
63	12	0	0
63	56	1	0
63	12	0	0
63	56	0	0
63	12	1	1
63	12	1	1
63	34	0	0
63	56	0	0
63	12	0	0
63	56	1	1
63	34	1	1
63	34	1	1
63	34	1	0
63	12	1	1
63	12	1	1
63	12	0	0
63	56	0	0
63	34	0	1
63	56	0	1
63	56	1	1
63	12	0	0
63	12	1	1
63	56	1	1
63	12	0	0
63	12	0	0
63	56	0	0
63	56	0	0
63	56	1	1
63	34	1	1
63	12	1	1
63	56	1	0
63	12	1	1
63	56	0	1
63	56	0	1
63	56	1	1
64	34	0	1
64	12	1	1
64	12	1	1
64	56	1	0
64	56	0	0
64	34	1	1
64	34	1	1
64	12	0	0
64	34	0	0
64	56	0	1
64	34	0	0
64	34	1	1
64	56	0	0
64	56	1	1
64	56	1	0
64	56	0	0
64	56	0	1
64	34	0	0
64	12	0	1
64	34	0	0
64	12	0	0
64	56	0	0
64	56	1	1
64	34	1	0
64	12	0	1
64	12	1	1
64	56	0	0
64	12	1	1
64	56	1	1
64	12	0	0
64	34	0	0
64	12	1	1
64	12	0	0
64	34	1	1
64	34	1	0
64	56	0	0
64	56	1	0
64	12	0	0
64	34	1	1
64	34	1	1
64	34	0	0
64	34	1	0
64	56	0	0
64	56	0	0
64	56	1	1
64	34	0	0
64	34	1	0
64	34	1	1
64	34	0	1
64	34	1	1
64	12	0	1
64	12	0	0
64	12	0	0
64	12	1	1
64	12	1	1
64	34	1	0
64	56	1	0
64	56	0	0
64	12	1	1
64	56	1	1
64	34	0	0
64	56	1	1
64	56	0	0
64	12	1	1
64	12	0	0
64	34	0	0
64	56	0	1
64	34	1	1
64	12	0	0
64	34	0	0
64	12	1	0
64	56	0	1
64	56	1	0
64	56	1	0
64	34	1	1
64	34	0	0
64	56	1	1
64	34	0	0
64	56	1	1
64	56	0	0
64	34	0	1
64	34	1	1
64	12	1	1
64	34	1	1
64	12	0	1
64	34	0	0
64	34	0	0
64	34	0	1
64	34	1	1
64	12	1	1
64	34	0	1
64	56	1	1
64	12	1	1
64	56	0	0
64	34	1	0
64	12	1	1
64	56	0	0
64	12	1	1
64	56	1	1
64	12	0	0
64	56	0	0
64	56	1	0
68	56	0	1
68	56	1	0
68	12	0	0
68	12	0	0
68	56	0	1
68	12	1	0
68	12	0	0
68	12	0	0
68	34	0	0
68	34	1	1
68	56	0	0
68	12	0	0
68	12	1	1
68	56	1	1
68	34	1	0
68	34	1	0
68	56	1	0
68	56	0	0
68	56	1	1
68	12	0	1
68	34	0	0
68	56	1	1
68	34	1	1
68	34	1	0
68	56	1	0
68	12	1	1
68	34	0	1
68	12	1	1
68	56	1	1
68	56	0	0
68	34	1	1
68	56	0	1
68	12	0	0
68	34	1	0
68	34	1	1
68	56	0	1
68	56	0	0
68	12	1	1
68	34	1	1
68	12	1	1
68	12	1	1
68	12	1	1
68	56	0	0
68	56	0	0
68	12	0	0
68	56	0	1
68	56	1	0
68	56	1	0
68	12	0	0
68	56	0	1
68	56	0	0
68	12	0	0
68	34	1	0
68	12	1	1
68	34	0	1
68	34	0	1
68	34	0	0
68	12	1	1
68	56	1	1
68	56	0	1
68	12	0	0
68	12	0	0
68	56	0	0
68	34	0	0
68	56	1	1
68	12	1	1
68	12	1	1
68	12	0	1
68	56	1	1
68	12	0	1
68	56	0	0
68	34	1	1
68	34	0	0
68	12	1	1
68	12	0	1
68	12	0	0
68	12	1	1
68	12	0	0
68	12	1	0
68	34	1	0
68	56	0	1
68	56	1	1
68	34	1	0
68	56	0	1
68	34	0	1
68	34	1	1
68	12	1	1
68	34	1	1
68	12	0	1
68	56	1	0
68	34	0	0
68	12	0	0
68	34	1	0
68	34	0	1
68	56	0	1
68	34	1	0
68	34	0	0
68	34	0	1
68	34	0	0
68	34	0	0
68	34	0	0
69	56	0	1
69	56	0	1
69	34	1	0
69	34	1	1
69	56	1	1
69	34	0	0
69	56	1	0
69	34	0	1
69	12	0	0
69	12	1	1
69	34	1	1
69	34	1	0
69	12	1	1
69	12	1	1
69	12	1	1
69	56	0	1
69	56	1	0
69	34	0	1
69	56	0	1
69	56	0	1
69	56	0	1
69	12	1	1
69	12	0	1
69	56	1	1
69	12	0	0
69	12	0	0
69	12	1	1
69	56	0	1
69	56	1	1
69	56	0	0
69	34	1	1
69	56	0	1
69	56	0	0
69	34	1	0
69	12	0	0
69	34	1	1
69	12	1	0
69	12	0	0
69	12	1	1
69	56	0	0
69	12	1	1
69	12	1	1
69	56	0	1
69	34	0	0
69	56	1	1
69	34	1	0
69	56	0	0
69	12	1	1
69	56	0	1
69	12	0	0
69	56	0	0
69	56	1	0
69	12	1	1
69	34	1	0
69	34	1	1
69	34	0	1
69	12	0	0
69	12	0	0
69	56	0	1
69	12	0	0
69	12	0	0
69	56	0	1
69	56	0	1
69	34	1	0
69	56	0	1
69	56	1	1
69	12	0	0
69	34	0	0
69	34	0	1
69	56	1	0
69	56	0	0
69	56	0	1
69	56	1	0
69	12	0	0
69	34	0	0
69	12	0	0
69	34	1	1
69	34	1	1
69	12	1	1
69	12	0	0
69	56	1	1
69	12	1	1
69	34	1	0
69	34	1	1
69	56	0	0
69	56	1	0
69	12	0	0
69	12	1	1
69	12	0	1
69	34	0	0
69	56	1	1
69	56	1	1
73	12	1	1
73	34	1	1
73	56	1	1
73	34	0	0
73	56	1	0
73	12	0	0
73	56	1	0
73	12	1	1
73	56	1	1
73	34	1	1
73	34	0	0
73	12	1	1
73	12	1	1
73	34	1	1
73	56	0	1
73	34	1	1
73	34	1	1
73	34	1	1
73	34	1	1
73	56	1	1
73	56	0	0
73	56	1	0
73	12	1	1
73	56	1	0
73	34	1	1
73	12	1	1
73	34	0	0
73	56	0	1
73	34	1	0
73	12	1	1
73	34	0	0
73	56	0	1
73	56	0	0
73	56	1	0
73	34	0	0
73	34	0	0
73	56	1	1
73	12	0	0
73	56	1	1
73	56	0	1
73	34	1	1
73	56	1	1
73	56	1	0
73	34	0	0
73	34	0	1
73	56	0	1
73	56	0	1
73	34	0	0
73	34	0	1
73	12	0	0
73	56	0	1
73	56	1	1
73	34	1	1
73	56	0	0
73	34	1	1
73	56	0	0
73	12	0	0
73	34	1	1
73	12	1	1
73	56	0	1
73	12	0	0
73	12	1	1
73	12	1	1
73	56	1	1
73	34	1	1
73	12	0	0
73	56	0	1
73	34	1	1
73	56	0	0
73	34	0	0
73	34	1	0
73	56	1	1
73	56	0	0
73	34	1	1
73	12	0	0
73	34	0	0
73	34	0	1
73	12	1	1
73	12	0	0
73	12	1	1
73	34	1	1
73	34	1	0
73	12	1	1
73	56	1	0
73	56	1	1
73	12	0	0
73	56	0	1
73	12	0	1
73	56	1	0
73	34	1	1
73	34	1	1
73	56	1	0
73	34	0	0
73	12	1	1
73	56	0	0
73	12	0	0
73	34	0	1
73	56	0	0
